1000
-63581039 -83835159
-13146712 -64294836
82428318 13874667
75316550 32106809
-68740500 41274612
-37057696 82912201
53788047 -61495028
90819073 51047022
-71334640 -77108417
43889371 -10889419
-6500714 -11933606
21346354 -9178193
-77095962 -89339735
22360720 -15052079
32581515 -14104857
-8796709 -42298570
-43070136 -34610777
92253896 -51210559
-3015257 98569221
36760910 -45046646
-41694151 -50000108
-66851786 -2680470
80764702 96367888
60279221 11022910
-2980534 90243658
-64651440 98115643
-64283192 7421127
-33116049 83887310
96933579 77366653
-54366524 -19151106
-83319324 94020804
-54868015 -81942322
88598383 50100783
-27044198 -12825232
-24232347 24134755
81099531 -4817657
-78455458 36470374
58534134 -77998360
-71571019 76675823
75968111 -84935004
-83997569 -18633910
49601833 -89648055
35359612 82735519
-76430244 99860329
6463776 80029097
-70716780 59395424
71927471 -92952118
-18959031 -83256598
-33102084 -58944298
-94400946 85397305
-6103915 -89567733
234882 -21233941
62013029 13174685
40913433 -94800963
-7038963 -81945835
68564003 -171940
-80153103 -81850667
-81248989 43293347
98573624 -51966899
-75926075 70259130
-82386557 -33421478
-40562542 15742473
11854978 74568200
-61400800 79815316
68975370 -16166920
-83206083 6662860
-4435875 20852112
-61846274 -46544079
93661217 -36524519
33506460 48818580
33491813 -52088094
-90952116 -10018357
40801452 -76116661
82128361 81784991
55809003 53490761
89815213 -69747035
-95920994 -18172018
46074048 -32626167
-52019497 83607562
-97775299 -59300899
-18984251 26090166
82530555 -2098639
-38185790 81446399
11739493 57561386
-22457508 38146430
-7055456 -13569231
-31089012 3684820
-91715682 -51748235
89378302 11105048
38590072 -40422150
-80156118 41723145
-37090983 95109068
34427842 37982098
-70788566 96551107
-32661558 -44237708
-62694199 -92475507
84327932 -83748157
-41437186 -42930
5693884 12097118
24342376 64304027
66695640 31873651
55320304 7678541
86377527 50941764
-19565668 53101862
76180975 2396779
-93003322 -10576544
11254517 -20796401
22788079 551031
-20257501 1163297
-86664852 -49160996
65244828 -18114290
-41153280 32760220
62363043 -2609783
-52190376 -25879605
54797702 46690344
47869865 35826326
-5165761 83601042
-57968192 -40945750
-213340 -84600811
86852224 -32579520
-77065123 -50447223
82397500 32876495
64097393 42769663
-82139244 83137036
48300387 -32975404
-28690124 -12103179
-27227389 -34224080
-4430171 44485852
-89743217 -83335598
-7196192 31619509
69340089 38611677
-78375930 -31617439
-19197116 -31761526
48083203 58381735
-3203537 -22015413
-52383425 65532370
-42672353 -20844172
-66405220 61799220
-11097757 5912055
48295253 19979336
-80434722 9231660
-72882893 23497929
-54745456 77249888
-76333561 -99082158
5223555 -72968980
-79460015 1265684
24340739 -56114305
35817194 -52064157
2718955 -91457361
-96100055 2016227
-50657570 26681405
-92067602 -83271800
18242706 -41518842
35318182 88915882
63774204 88443302
58123966 -17080786
-5987355 -1533586
34575966 51289467
-24455853 11190371
-31990228 -65797362
-36681114 22559539
47716460 -67851066
-47757418 -12513879
-60548753 52168938
-62762620 -22044205
84427480 35691694
-83991473 -90288232
-531941 -33537114
-56342940 -78954966
18608883 18915986
24399209 -97457905
18026933 61680907
53961320 81448644
34138338 81840418
-45653891 -98346534
-93594520 -11043223
-46976647 -21312685
-135722 77005537
-81867725 -4146311
95092144 1898823
3964433 29860657
-16590293 47764889
19325609 -20641002
75652749 -29769026
-51254438 -94801142
2576614 69497560
-7100228 -27205904
-94954039 -29857050
-54651503 67145832
-3730688 34548744
28491869 99720589
-73100412 22209723
-28270021 -1591422
-36997804 93083821
32946708 -2029480
-41221708 78680146
-67115734 70858484
75106418 -97137396
-30992668 -41581587
88541473 24993015
-21187426 5985709
-95703108 62342027
-99652873 -41582253
65442456 78467416
79183410 36374651
86385015 79471002
70941943 -42300453
50367641 -72180762
-63066603 -34261337
-36069859 90912240
-49409225 61923771
-65574439 -21489472
71311848 228182
74755857 -33042017
-87204227 67657854
90535494 -84904630
23479888 91419803
79964304 -77158433
7045445 -6576288
69700771 86432155
-90070870 82570171
15364594 5181042
-44895105 85920303
75931353 -50975688
-37954703 -50700346
-38074652 -80808492
-63313539 -6141233
9813605 31139498
1950581 21792300
-98071099 96829327
-39145106 -22581307
74916126 -28427695
-83848814 73484083
46924687 1836598
74074787 52112914
-47156451 73405104
-94882099 -65410043
84327396 34965431
-29429998 24854344
73534287 -94854662
83367517 28207489
-61664595 -88421161
-49605843 -87589596
-51469122 -68038127
-56826139 50240341
78032465 -99071056
3314064 -97542277
-6166829 61393414
8343605 -74221965
18499430 -84147739
-8016538 34182973
-91528325 1576884
-96961708 -93667993
-2883925 -48766009
87558301 -42552226
55618848 9397587
-72735553 21957944
77614618 -10250197
96605561 26819441
66392373 35980658
-66061302 26579019
-97284321 -90832081
11678219 48867268
42285389 -71164165
-31759669 -34884475
-81833326 25569892
3994012 13764019
71484377 28728241
55105150 -34963318
79122552 -88805975
93955482 15794837
-40022712 -85068479
90822900 83086544
73906229 -95665292
-8051501 -56687066
-71964560 22197809
20585237 93654155
-65069460 -1093506
44575129 46653791
-19891840 -41925879
37440477 -76843527
-96502345 -36746828
7794760 34283741
-1785823 78196598
94561975 63308102
37530984 69743454
-54231279 -50347885
38463471 -44605147
27889310 47369418
-87745211 -71375454
61481013 -83464504
34578304 20202564
-59058689 92039375
66666859 25545144
52097404 46929117
78940808 61765475
-93927865 -3048854
80605081 3855267
-54045663 89181625
3585977 74012885
-22964850 -6655380
44136576 56437655
51185660 -32412153
-19052283 76295309
-42907946 -65327486
37309837 -43430091
26106213 45804089
65283942 18761423
-28935032 77140390
26227668 -90737357
26679530 -91023186
-89734954 33949731
90574862 74731674
26910827 1925026
50608344 78936167
49221294 15574227
63458840 26609682
-12835264 -20740559
14113897 52027957
-21517243 86345153
68937529 35520219
-85639934 80872982
90476742 -15998992
12100339 21334993
-80289699 87833317
18429150 -602664
-72070863 -90637345
-33781636 42215427
51817849 41521019
-48130511 11373512
85579066 -72480690
-20981175 42506224
-56445998 -2739947
82372594 33192293
-2998704 -63090648
-257080 -19995789
66547142 67119999
80365507 81845627
-96992551 23887360
-31715233 49474395
21848243 27999287
-771440 -81405641
-46646769 59481456
-72862702 -57556521
14672882 -13027696
15505216 -91943553
-84597628 -52142864
-9135083 -92075161
-59818687 6821381
62408969 79701592
-75334874 -10888527
-57225164 961736
14627818 -68133127
-17322315 -89281367
-85388355 -2787751
-66663152 59669833
-48296517 -8451724
-22599754 89282698
-70351488 -11908904
-30253886 3753148
-96131796 15618290
-56185369 -47248915
-84985534 1281288
70834579 -78472995
12099201 -85435185
56389890 77562496
-22947129 -92678958
-96224170 -4885803
24336881 -85272673
57138157 15906330
-46660327 95312577
-43511402 26623111
-50952726 -79057174
11401228 -92947780
75549973 -2497944
8131232 68037950
28052783 -83178793
-27812528 -77669193
-40550860 -57256191
-69892622 -99045872
38102021 -69474634
49843177 89518834
-15012113 78855514
86095677 91904936
85102049 -84791666
54840624 -51394406
-26349517 49119245
33571405 70905309
67486076 -48478697
-12460083 -21292487
-90944440 -72955422
58393506 59781911
70087266 -5879258
84986995 -94761992
-4209329 83760979
31224872 -92914777
50088169 -21956298
92556754 -66950717
46043761 -84360257
-2998477 -45014531
-29039069 27102395
-96433253 -63384023
98486219 -35183205
-73532138 -61749525
63205539 46713075
-8385661 19050324
-9034983 51979320
7307058 68184619
1151749 86204310
-20040758 25204678
75173494 31739661
-7051555 -71054028
-46495736 31816629
-40856906 -21594150
-66898078 -96448572
-82184346 26412166
-78763274 23567427
29849042 -2024222
-11175052 18149718
-73000428 -23207155
13603197 93926606
5314035 -65062905
-12521748 -15328265
54814790 -98477089
57427780 81989494
-11830825 -19061353
-15912081 46729030
-80677966 -48595052
98853431 -36964710
-64110281 -32335502
-6874770 70413275
-31993746 -16616282
-38237870 93639372
16935835 -47860957
-74961617 67945411
-50617827 91202230
-67360485 -77107342
-14415873 22791131
-94353772 -62091254
-45357525 -81172885
-13199366 38058845
-46112216 -41614950
14181361 -77257345
12546043 -38878103
89421508 -53041538
94945590 37080728
-47520861 -15430724
-43825636 -64655215
-37755716 -43531682
-52319907 -93008781
-47274426 -75229557
-77231852 69630145
-29932699 71013467
37174833 -60380002
7426992 68253127
18647037 -36193926
-89613221 -18818520
-44453788 -38535192
-74425583 36600990
46636647 -58074407
86253244 -12859443
76005534 -1701136
77014620 79160037
-42180084 70316052
-1441583 -8998223
-44507601 -98868756
12515765 -37665900
79964542 37679050
-22095360 -67629530
80137508 -47748512
34901372 -89175854
-3175043 -75227704
-53862701 63884685
-42681213 68324090
25032030 -91165016
-47966772 -47175120
-70131583 -2798614
87645899 -53446213
-50033695 -76422478
4690359 43999151
-78170187 -66244510
-23315789 44117195
-49175710 -28944743
9917496 14662314
-83699245 -48350795
-48464708 89836859
-43741752 47500452
-96557470 83876172
-17128194 -36443792
7757824 95762072
17641974 -25902801
-19080020 46225342
-64885585 -62543997
-94449128 43952351
-77276298 -77569820
-91739343 -1452638
86320060 52167217
-59712657 9290268
-85166066 -61470145
-60297402 40495975
27782597 53563116
89978965 22598638
88193118 52846949
-28009801 49125891
48140123 -65351617
-41681225 2127485
37180365 -32207742
-25626569 -21246158
-51069817 -25800343
-26802659 46136529
-4193419 -87803710
15377992 -16936660
70788692 89769338
-28875499 -58869568
47943656 45735998
-24113332 -7556897
73503759 39652145
33381160 -16853817
-29717095 95173375
-88971500 53322
-21521337 -61230011
69605200 -27701888
-18885110 64663617
79958881 -16522078
91650178 -73225859
46796864 -77866659
96025643 39292462
-20740593 -28628140
-25860668 28595227
74026270 -13853459
2902887 -10576745
-69635506 40278319
95189189 10992800
-71034786 -18169833
-94880436 -90968432
21521845 -92921756
-29048567 49252722
-55946173 2037021
57081400 -94089431
66670811 -88730893
36383079 -15883594
92742733 -19758153
-13514618 -23044707
-32094819 25571159
-76118162 8520437
-50345776 47380955
3071935 -79528205
-66940364 85726744
-70583955 -31522585
65591058 12473399
-62909665 70090682
-8248743 -45493043
34735731 61124455
-42546056 78509077
-7598633 75987259
-15158073 42743917
-98251461 93700076
55657930 48099482
14484005 -59169704
17440578 -39503217
8796950 90335018
46617838 -93666559
20035606 -85157191
-85407109 27215270
-57661218 -73994249
75068430 -7677924
35457008 -17682997
-99328607 99786763
-43072585 -24526966
5184790 -71929121
-69689769 -51520611
10034859 89048847
8402856 84412476
-57744855 -58358709
-65370498 1525554
-17372114 74281715
30707938 -51111168
-40253093 -64921880
34808837 52985234
-35581966 -19066790
-75649911 68174283
-81904928 -35705293
40148694 43723629
-73220955 29630502
89238121 29616473
-91163287 -35926453
-92876222 -17103377
-51104798 22064498
-61269267 95092693
29048417 26694894
-84001666 39444613
4223047 39556727
-80885173 -12917671
-29360641 -34431499
28169827 -46560264
-69607200 81658598
17769733 -67975064
49688624 -50382677
-51852210 -88889503
34375041 630621
48968088 -6868732
-22151062 -88464893
59438294 39853734
-19046031 20287512
53175491 69867808
-14307329 -8200716
51901166 2775369
67752652 -20754821
62426630 -89794956
14259743 -30289460
79271170 -64285014
8208483 3205342
51990483 -76843671
-91514890 62090680
2348999 20285312
56426499 10670433
62005565 32523424
77364627 21936572
72750711 23067122
27082380 12260508
2045259 79257038
2925254 95502065
4087119 3687437
-82981154 -71112147
-20847777 72782937
-87749453 -96154554
-39610765 3874966
11327870 -91539976
-18133316 -3455485
-40464995 56403693
93254272 54698775
89817260 9680962
-21050742 -73879161
92565887 43801334
-58552368 -14502029
12907789 60604395
73242200 -13506833
76796457 -71447915
181665 6644275
-74074987 -38932350
-54163697 -84711887
2547271 -51805631
-28154131 -33838485
-83649667 -91146799
-61923571 -40214041
-13062950 63951641
33004412 -8916020
51990913 3484750
-95725344 51897638
69504802 38661126
41399050 -62917108
-40772477 -35106894
-66707222 36015339
32123415 30717422
58706545 84988905
-52295315 -74097037
-66205188 2945840
-66267345 30474220
-47638348 -865960
-70497961 11731010
14112444 17129336
89328506 -73837301
-94785733 -11900986
-7514647 24568456
14571541 -17608016
-78934812 86540120
10725297 -27663799
-85523028 95788753
5900815 58994229
40080178 46814474
75490621 -63969873
15536319 -65435517
36037607 -88350070
-54426551 1021469
-84355388 30216503
-85795641 -26162492
-30955035 9037282
61933281 3981117
69164890 76134324
-35152418 -32237819
-83168441 60566996
-22780251 -1358100
-6912105 -24365194
-75653698 41240774
-47529948 93266005
2947874 59776437
-47988276 -62621495
639521 13200475
45422065 -91627166
11187895 78801259
-9454371 -57227446
70649286 -9769576
7336762 -96574288
-33733530 -44212970
68842168 81473452
4293410 65891782
38225530 -75735197
36737136 -20688984
43688770 -45122255
91172946 24701148
25434666 53634037
-65390463 91661692
52202683 -95693429
-47081898 -36237682
45247225 -91803177
32146481 -4976647
13167405 36776813
-2589216 10660908
-6525542 -17276359
23017504 -49816603
36938166 -10990685
-43605618 -53210088
85027470 -88662443
-574454 8938959
-94969135 -40697729
15488884 -90316243
-67896361 83261194
27313609 15116890
19561832 8957134
21856387 94543583
-88646737 -29301473
-17459914 -9396412
-44925019 -75737355
-361570 -87438320
-51662566 -57534921
67497896 -26938577
17312633 -64171524
-68250752 -65872970
-52292808 96531981
-90157318 54778374
29602616 18659224
83497067 -82871725
-11248652 -60903251
-71721772 92475703
-23630679 -21655704
27353828 -94068229
23285871 12589539
-40264780 -86149489
-7979876 34000426
-10564748 -40660129
77801099 -85089841
41886547 -92178945
-83668226 53978767
34670174 -88009372
61216290 78973371
-39108174 98064704
-24310932 -93040756
33896773 -83416824
-16756205 -54246864
-44492672 -83790002
19605573 62033640
-45834534 81414153
-90609504 88214449
20761924 36594013
84254708 50188394
-21016951 24890559
84197497 -29312614
14834985 -74215760
73174496 -26693964
63496587 -71231785
-12950499 -63063574
-43359090 28441213
-36299477 69205741
19969266 -32357103
44897178 -23132907
-34410406 57645351
-47051313 40302301
53825617 68804817
-77006622 -17095890
-2988380 14999846
-54595147 64940801
94602090 28374988
-36038503 36626706
-9659020 -42212944
-38878596 11488659
49664704 70403707
-54801133 -5863962
16333183 -48859643
4050885 27185205
-52413640 97649114
40301486 -96493033
68463914 59819589
-52646679 -40352553
-79946465 95538990
-87657303 -13116935
-43413096 51595312
37485252 49568264
-43796143 41216140
9456981 -74948676
-90277872 -77213850
21063829 13022620
-66150775 -88894410
-79399507 -39918232
-41105812 35442682
-73287650 91534562
-3694511 80652023
30045702 63505648
-7790260 -59699311
69408831 59987141
62905072 48531346
67802695 -2478719
-13963353 38981649
58367709 94728150
-24204931 50792065
53276600 -87410254
30469136 -57399792
-22878032 21873093
-44921232 -86450454
43066130 -25107031
-78807218 -41008967
-66969463 53196667
25186193 -54784446
23518638 -94850942
-70740738 -42168489
-72814836 -25566426
-39819843 -25843725
76829463 -85554673
-21856668 21433647
-31514908 10055344
-83279475 -99404882
97055848 -68064486
-1657588 84943221
-67995941 97628750
-99036468 -5167363
15611556 -23042715
-8754320 47209294
-46355440 48545295
-19418543 46347124
-73047885 62083334
12865686 -14540817
82013783 39603994
-39377609 -80915237
16398914 -61831875
-88317694 56833208
-57547019 29797214
7674913 91422860
-76148297 50780747
-27622965 -67088363
85031409 19633521
-14917047 80447851
12115069 -35380266
-45840914 27882952
-74339446 78871866
1091924 -20451726
-89152490 -78658226
17288429 71930947
72478217 23588341
31116013 44473105
-82347450 -53055835
39048310 -8075130
1852633 -72593793
40170079 -42440779
41801365 5547857
-28033578 19742459
36796689 39628733
-78781901 52598718
-23826868 61152865
-2898620 -3321199
-83905579 52591102
-73045842 -55363619
92893288 53179525
-82231346 25327967
-88186635 -60051089
24085849 -73010241
-50704562 -17351388
40910247 18025715
-6458254 -8353319
30572999 -63973155
-14028303 15819663
23369425 92821512
-62079228 22874431
-12809825 21710978
-24773238 -75798175
90068044 -66113320
-65215716 -84276176
-46656392 88288084
-3434721 35705126
77804059 65621649
-78535765 -6294716
-35448677 7818087
-98048996 -68829075
6189227 -31672916
86120002 -45728161
54681330 29794959
-62636566 54568406
-23356473 49823154
65527603 -20313390
12513198 -52205991
62370169 -58080720
41255686 42796610
56390913 53751179
-67826203 71676528
22794474 -52206854
-72334028 11254767
22365722 56720700
-88276312 53139164
94182717 -57847437
-97490056 -11215849
-45040460 78640098
37269002 -44106011
-75170220 -78550687
-11889107 95257477
19340044 59505322
-39240982 19092183
-97397446 65504498
-62288145 -75509400
50991309 96004964
-37273023 15595639
-70677794 89091764
40290121 52283815
-55446385 -4978417
56643006 -53858818
79555605 50469249
-26516896 -18910442
20976220 97833341
-56526745 -34395878
-89718950 -2430573
-81441533 18779514
72728593 80245653
42250934 33504920
-34165466 -81394120
-24665357 -11045745
49183752 36149194
-1502889 95983644
-789732 -95360284
-74343705 58584593
-43495982 -76889349
10404830 95688619
6542940 58673734
-62128043 -63215876
-42770938 81119070
47836687 79011632
97612214 72256391
-79120900 14407112
70603135 53290952
99034804 -95044610
-59321690 4405374
35597496 -90395740
-46896709 -18644851
29536844 78661204
95652777 82544178
-4234576 79503533
95049794 -96544802
-47980330 -30309011
-13745386 76529969
-30246303 80530956
-85804799 -58505997
64165745 -87221845
-35609209 52753045
-32700907 -94328882
-20437758 69927532
16643845 -72637910
-16231270 -32587172
-94788399 76819443
82594752 -20664629
-55949206 32800013
45688236 40757821
43098860 42735457
2634228 -8180292
-46484187 98708272
91522366 24941899
44165960 57456022
49979513 -91133826
38095199 -92564368
15366935 49452175
29941281 44624801
75779577 -25316452
37713154 19334581
21103851 90836169
60494366 -88841182
99803227 42895661
-92940799 87852800
18744709 94620547
12966487 13347620
-17801763 -35871924
-14378482 -59404656
26770564 2817982
-6228482 -39078231
-84742620 24033822
-83761471 74705873
-52911363 92516868
43787816 71429722
-33632862 53585896
-16524407 -61126779
-80824626 65715497
9800679 -17761818
34019390 -23041672
32770461 -73829452
54219712 -95041651
96205781 17471723
-98561345 -20805314
-70202868 -68482134
44470864 -41622598
63440444 -70054083
-65367934 87540472
-4551947 10013275
85355500 -57266614
-95518288 -92601900
-21949944 10214023
-35564768 -12554959
408 455
131 650
251 739
689 705
122 334
492 828
4 411
700 961
192 257
266 862
310 311
619 847
75 891
318 390
306 900
607 648
669 929
435 581
166 238
376 455
106 176
257 276
87 360
530 637
16 774
489 975
240 274
314 977
266 416
375 462
167 644
782 799
117 395
127 643
302 962
410 756
145 570
504 537
512 665
40 817
20 900
95 694
741 817
197 892
777 911
272 738
807 818
114 509
729 780
305 448
52 844
677 819
434 778
760 994
848 966
471 744
190 877
441 802
97 732
444 467
233 980
103 497
182 427
793 810
605 768
2 761
175 466
796 942
310 475
473 771
804 886
288 900
97 385
142 192
226 832
249 789
52 336
196 554
5 532
594 643
116 923
281 697
194 433
81 410
350 745
471 938
471 673
217 870
743 859
374 628
367 747
583 890
60 452
301 516
176 663
89 632
275 691
256 616
43 174
205 468
184 232
42 963
277 720
229 615
631 861
561 836
147 812
383 840
172 751
346 716
575 657
115 558
387 504
352 538
1 875
158 579
11 86
102 256
535 998
74 338
561 572
253 998
34 126
740 774
54 781
483 944
403 429
445 478
372 762
734 795
538 674
790 845
723 927
250 563
405 800
890 958
6 83
92 433
325 666
660 894
198 274
58 91
438 872
318 426
137 414
231 414
497 503
541 567
178 284
508 735
390 543
464 474
708 996
277 973
185 450
60 581
703 989
72 106
949 983
138 356
609 970
153 560
672 727
98 506
209 430
344 860
189 771
136 473
111 887
371 685
518 567
522 726
496 917
103 755
78 125
737 791
608 887
239 401
720 870
562 705
467 841
495 901
129 152
71 148
61 582
596 717
501 701
17 652
345 830
753 972
194 210
420 815
289 307
33 103
99 267
486 876
22 278
758 952
548 995
710 893
525 662
451 723
262 535
531 959
8 33
639 714
502 700
347 849
56 801
265 594
217 969
402 439
333 911
232 759
446 527
349 937
349 498
47 240
730 896
554 899
508 914
130 739
727 833
162 505
259 772
172 903
762 842
436 486
237 402
90 852
260 321
520 917
243 599
51 511
73 697
554 931
304 576
398 874
35 807
278 575
50 488
238 334
436 981
548 717
200 700
490 928
383 945
708 714
177 939
340 537
181 779
112 794
305 578
159 999
70 158
765 809
750 808
297 496
506 627
115 295
387 804
733 761
976 984
171 813
288 852
440 750
730 834
239 544
24 53
315 932
284 942
536 813
56 213
663 898
373 479
54 742
271 990
468 831
395 822
487 827
862 979
31 668
368 824
332 482
493 930
863 947
119 724
353 672
187 683
50 972
32 641
15 518
319 965
620 718
165 212
625 951
93 855
752 899
540 948
163 447
182 492
406 419
125 303
297 368
759 967
71 577
223 876
34 922
8 861
252 520
691 798
94 823
19 924
451 479
539 989
387 510
195 600
428 485
499 947
604 818
386 912
195 706
669 686
36 82
110 485
133 953
409 822
583 670
195 418
609 948
443 758
131 321
311 736
320 358
230 557
178 621
95 199
353 597
395 796
564 675
164 885
837 856
230 568
77 587
16 552
119 342
479 656
564 979
292 968
957 958
728 992
84 636
425 655
567 698
447 939
204 350
559 833
22 477
62 908
35 756
938 964
484 974
231 816
32 169
145 249
107 986
606 722
18 445
26 823
294 317
158 787
767 788
705 742
145 851
184 214
371 960
835 956
267 688
720 915
289 966
866 968
733 976
512 830
255 883
424 989
458 704
279 515
133 528
442 458
198 246
491 825
173 425
569 816
220 513
401 529
812 893
456 560
299 981
52 135
516 922
39 843
734 909
605 776
486 685
46 829
109 682
290 391
157 858
378 873
92 746
11 867
699 993
202 905
698 987
54 964
711 850
62 904
258 566
110 347
309 946
953 975
76 874
53 550
421 928
733 798
287 362
266 417
235 935
483 509
419 869
457 587
211 343
31 784
522 759
46 926
447 865
77 991
263 965
21 712
228 283
86 709
254 400
293 589
179 355
66 141
333 352
670 787
576 625
408 696
611 671
423 426
21 225
620 737
511 724
24 616
385 713
261 658
787 910
736 813
419 872
393 692
76 525
51 348
270 741
556 802
661 974
226 921
380 415
179 879
9 437
331 662
413 842
186 696
296 878
118 645
134 962
482 510
352 937
647 706
37 459
396 736
123 405
688 770
427 556
456 764
121 428
6 28
729 981
46 356
695 919
449 694
30 865
355 363
393 801
163 357
9 901
105 462
83 196
688 708
487 786
895 903
101 260
16 978
517 650
702 995
286 388
766 983
247 693
450 599
332 828
612 623
546 827
465 959
17 458
124 322
363 520
94 734
96 242
279 958
633 873
173 315
164 245
202 614
346 628
272 832
65 111
562 963
120 757
718 731
49 514
282 715
676 721
344 404
936 943
369 377
576 945
197 551
342 547
190 739
63 690
367 602
338 463
201 999
80 402
42 805
369 563
265 680
161 904
391 790
295 515
137 177
719 791
490 836
67 406
432 580
108 314
701 895
141 545
852 993
323 542
135 683
204 679
61 132
610 667
859 896
775 908
28 946
463 919
183 825
830 986
647 711
622 924
478 997
480 592
91 591
45 621
140 316
27 349
205 334
108 326
242 792
264 381
72 785
819 880
91 684
26 589
340 983
204 695
811 885
366 425
637 692
160 838
150 252
85 332
223 752
772 961
291 948
186 300
448 687
398 821
151 588
640 814
247 925
272 750
744 748
105 298
237 881
324 661
545 894
440 927
124 666
200 585
136 211
269 303
219 959
755 913
792 875
129 845
493 728
101 617
221 322
35 529
618 619
268 411
203 715
122 241
290 624
599 641
178 300
407 826
45 573
597 952
459 684
243 808
67 664
170 661
490 622
425 745
74 206
112 762
273 941
555 942
565 906
27 657
45 690
566 692
354 602
623 639
582 793
107 825
524 955
109 201
572 573
314 418
541 711
454 651
444 560
208 613
99 484
22 227
918 934
271 533
70 848
151 842
521 984
231 580
69 403
104 886
775 880
65 637
548 909
220 695
213 375
396 938
465 867
590 654
149 724
234 607
379 712
703 963
162 208
743 856
778 888
109 629
351 359
571 860
128 826
169 565
29 933
57 495
640 810
73 264
50 221
532 653
421 973
13 327
773 794
292 731
577 595
527 971
172 636
268 847
149 925
386 598
100 751
443 789
553 797
323 461
438 604
400 552
370 616
583 855
526 613
239 854
301 682
224 470
452 985
84 929
437 906
397 765
360 677
29 941
141 934
118 783
102 648
39 596
116 957
75 558
282 586
420 534
432 1000
295 329
216 385
261 871
113 801
374 693
25 822
417 918
161 544
523 951
193 682
123 603
610 841
146 363
626 820
533 632
491 610
587 663
469 838
281 988
653 658
44 784
174 940
126 432
426 709
351 879
10 850
41 457
431 555
630 786
222 719
236 899
681 985
302 910
66 363
88 110
472 851
749 976
527 634
412 472
193 360
593 769
68 362
235 913
206 273
101 268
627 880
100 797
4 205
502 839
293 299
268 294
310 369
96 415
135 709
229 779
192 417
181 283
236 464
465 858
442 476
523 646
335 798
806 812
270 713
351 593
283 707
79 299
432 914
365 716
12 14
776 982
36 462
629 722
464 763
704 944
84 319
328 773
67 770
241 585
459 532
63 846
667 882
209 645
523 857
534 769
177 509
630 949
116 920
595 710
346 536
394 713
48 602
244 656
155 655
574 725
280 489
142 584
614 834
435 829
555 945
327 792
43 154
608 726
289 501
309 453
38 291
254 642
824 898
73 526
39 892
98 659
30 635
539 970
686 696
649 730
687 725
487 788
55 342
308 550
652 680
470 883
3 839
206 313
234 853
68 645
188 721
469 633
121 860
392 891
14 183
549 815
681 834
18 59
283 592
788 794
42 399
170 791
434 710
212 534
469 521
244 687
144 380
322 980
849 947
67 229
404 481
251 441
626 644
153 434
10 601
286 982
356 811
439 863
524 530
430 549
218 638
399 526
44 94
209 916
574 930
222 326
312 675
806 868
382 907
113 678
175 185
342 472
442 783
215 985
123 131
404 728
218 732
215 233
199 265
47 540
445 897
13 644
799 935
7 505
481 624
422 570
21 476
31 325
343 630
79 143
294 308
49 160
23 384
168 882
357 777
584 658
130 664
188 282
207 389
20 148
245 546
889 912
64 143
460 651
505 651
427 826
111 156
24 678
559 888
558 800
488 954
461 524
218 331
341 590
423 606
248 646
378 921
92 519
746 960
33 634
864 952
3 89
437 875
803 907
61 721
528 735
337 782
151 835
611 638
707 754
93 654
287 725
140 866
698 809
139 996
41 676
191 915
489 740
617 884
500 653
478 883
69 120
557 972
316 370
168 978
598 699
494 649
78 809
246 394
152 535
388 797
40 364
155 803
339 361
90 507
366 605
38 760
747 950
184 757
69 255
348 354
285 631
446 772
62 330
388 940
224 389
320 840
180 533
19 902
296 799
273 384
394 943
339 564
