100
31839254 -75457251
-69465346 91178913
52757569 44059201
91278326 26132909
-31324407 -57876116
58640630 -88494757
-48915184 88915327
-77818268 76721105
-12394810 83754433
-47109965 23091716
-13313703 -38280656
-43100245 20628049
57476657 -66324096
-52837081 -10344686
-58088758 -90598985
48696437 93016058
-79811231 84066265
92586193 33082822
-86781695 -66927408
98017322 49627884
27083072 -32198968
90804986 -87872950
-35046943 66914036
-48866734 3974130
49527767 -81504989
-44293446 -43910701
39475413 55947131
-16651732 65338065
43353177 -29831885
10506525 -73250526
61414100 75953940
-11051258 96736422
-65706848 -27177425
-65430056 72344604
20529570 -39256499
11778728 -81143788
-8766458 19845957
33711716 -87784232
85565636 87785471
-37392777 -48648703
-41588214 -9591219
72936411 -19100247
78570673 8581469
-15479589 13459006
-63943364 35061806
-65258677 -15213262
46250814 -8827605
13819264 7723660
81385941 33337386
-97066236 29782509
55470101 -42832538
-15469012 -7197025
-7949939 -91953964
-31457450 60083361
30471080 98985323
28626291 69202872
84188141 71523899
4200116 43363259
63727374 -82551898
-54405830 78939165
96868873 -65018869
-41325994 -35194978
-10871515 -76247247
-2983408 46798061
21485567 -13376254
5033776 6224416
-40403210 98813612
-19445239 -49372952
-87819458 -73698631
29238008 40824499
-20114656 89211170
-37815445 48305362
25716448 35077880
-63005787 59007756
-65547454 -71957643
-55334886 52488914
-81943121 64646666
2928054 -15122107
-12168324 -80791682
-8786733 -57463762
93003119 84647919
8878648 90797770
-34616038 22879212
10774952 73466361
84488904 83363289
32168706 -12450010
-98629498 59109546
-78182790 67899700
-73606964 75835452
-51477588 -26894802
-90939161 -79837426
35320973 -97591483
45707329 -2155297
61489472 18402025
74855057 -76185077
65804381 37546078
-52283577 -83223738
90099870 -35022127
-97935556 44566889
-19050946 -41955317
8 89
39 85
10 12
63 79
77 88
47 93
70 73
11 100
19 69
69 91
4 18
68 100
8 17
23 54
6 59
58 64
30 36
39 81
26 40
12 83
8 88
34 89
48 66
26 62
37 44
15 97
9 71
21 35
38 92
74 76
65 86
5 40
18 49
14 41
7 60
6 25
32 71
57 85
53 79
33 46
1 38
2 17
59 95
34 60
7 67
62 90
14 46
68 80
54 72
34 74
33 90
47 86
87 99
3 96
5 68
50 99
14 24
28 54
49 96
21 29
25 38
27 56
13 25
75 97
18 20
82 84
77 87
12 24
29 51
3 27
72 76
27 70
56 84
65 78
63 80
9 28
16 55
37 66
45 76
94 96
21 65
43 94
22 95
52 78
10 45
44 52
32 82
1 36
16 31
44 83
30 63
19 75
28 64
55 82
31 57
42 98
22 61
42 43
5 97
