1000
21089082 -97124907
-82994486 473443
8298490 74456236
-56619021 67706673
-33571966 50593251
11744691 67624700
27990837 51803016
-85811814 -59207734
19237153 98637690
57445134 -52320701
71926419 75959486
84353038 61645368
-71049874 16299254
-15869573 -29703947
86672150 92561973
-70025442 84102076
71776620 86549764
78285078 95002090
6292031 -60515484
55606888 14488233
81942470 83289326
-28959848 59444596
87119358 40346921
63542691 -24838364
-5480336 98016905
30304241 63473151
-36330151 54177368
21246191 -14865894
-50612030 -60214516
16357134 -43299199
-71509785 -56923829
-60393457 84372874
-89965250 62065687
23850238 -87183782
-85441441 14806738
64590602 -53334875
-14965674 48545004
111662 65619142
22158546 -16052784
-65938500 95808853
61336245 -88909293
-15168951 -67387029
-90618609 -65896559
89605747 -85454694
745315 -58412958
-48769030 30608340
-6705478 -83799430
65814024 75109385
-8384262 51744480
-60196541 -90408838
-20738693 -8823125
-20785320 -24594835
-33626249 -36823948
-13909420 -32754155
-80819368 -3903679
34262893 6464677
-23011943 93716500
78110770 36049456
-72460165 35356282
68552918 -31535441
46334493 -96112109
-95139806 -28773191
59236541 -20887222
22654763 -48497012
22032513 -27329441
-13136618 12188173
-4556704 -18183552
-94316109 49795669
-58887493 -48791731
52838147 99107405
65412570 -17180074
-98611757 74396480
8470656 70759587
70853872 32265942
94980191 -21238279
61642741 -91467514
43520737 -39923887
69736863 -9793765
85509885 -55368286
-68164221 -60393102
22436385 -84977884
93998184 32112195
77032899 -3467317
-60935084 -13672164
90057823 -85114026
37353390 -47226353
-23385315 -23610917
-33346516 -80145828
93828221 39929464
89257761 98187392
6724806 10142931
-5431101 -90416047
-99060343 88348832
20296388 95598353
-80318320 -88840605
68298494 28831493
-93377474 -64728552
16880613 61213985
81883830 -60225058
14470607 -61176963
20090596 -84481344
52329837 -91412697
-83117466 50219779
-94191984 -23822957
84991407 54855118
-73375753 -53921707
74707086 10459357
95955624 -65158078
13243801 16133787
41882783 52334492
66879821 -60257379
-68423062 -71658210
-40890903 -10220770
45713597 3956844
-71853762 -32608222
86124600 -36445581
-31399586 -37096795
17323484 93308589
-48192584 66974730
-32181628 -96344885
71241507 47294326
-74365978 52172318
44848225 54076253
-81065746 50970999
-34461519 -25344794
49278195 29303856
-8351473 76324022
-45733684 93870134
46885256 55550892
11280791 22534684
59348827 54079248
-69033303 -79039889
-53853481 64486962
19029670 5892521
88337057 -40893732
-30815733 69240545
-37336576 -98412156
52972009 67982667
-96535292 54450200
91986077 -69836560
99140033 -41813080
-38407152 82198571
66976072 -24187615
-64097886 -29264876
75387814 83451761
-66590175 78571554
82238038 -60260484
-23633177 87717048
-39928234 -55928437
83840726 -38625935
-2348877 -15789375
90218961 53342518
-57265388 -68663306
-575097 31144142
80776769 43941914
54257273 49608296
-10808004 -99364095
8330899 38296275
-70050985 -39753114
-54702493 84335371
-21467481 45964922
-30223000 -87321276
1152687 -81994148
-51841036 63110477
1274920 -18161805
-49799408 -8630420
62475642 -64723221
-20847561 -3207066
3561607 -27329467
-18237462 64427880
43322558 70406118
-81099137 22321525
-89831051 40896218
69849878 -7295355
18773891 67367108
-92158436 42074639
76225193 15363222
-35567279 39027723
-85199990 -94026784
-55524641 -4846239
60270058 -20379207
67198550 -86636283
-40066701 41418863
87957042 -34839170
59606440 -83991795
-31687470 -23758571
-8567645 -29528584
-71615228 17533810
74951063 -39521923
-8053923 -55377227
55688490 98358214
61249637 53074206
-66173322 42379256
-87291536 96228717
27733721 -34278672
-20875427 -37785660
81352691 27394504
73798234 56054663
43280053 97335403
-86774545 -95136566
26237922 62375416
79835102 -46344567
-38183837 -92178259
-83187872 60222837
75228122 68124342
11262160 -25282404
6127705 46388308
-81530250 30182591
60367122 54653
-66676051 -47831470
91981116 8570183
33160579 77500876
-36179773 -33797744
96183290 87284006
-50295423 29349762
-22415837 -62133100
-46022432 -19829881
72543786 -86999962
-86788538 -60636926
-82137967 -22753178
-83850416 -32223789
-58954096 37713221
-2352345 11786054
-54484820 15254012
9488692 85154964
27806690 14517703
-41097381 -57144288
-44911086 -38366849
16341551 -79777061
-59932101 -58534120
34241848 -73733347
35711872 -82450209
78029642 -6569512
79384590 -21094581
66293850 84183695
26291128 -54050433
98425915 57081181
62464470 -38425885
-46154278 -41684128
-47968212 -9776821
-99012661 8702899
-32407223 27169875
31310267 -12590049
-57308410 -71578723
84811451 35732654
-41011909 41761619
-54683692 44138273
-40058251 -39135105
53903065 -14815972
-55454101 90077868
54445164 29872054
-67003551 -99311537
55687081 -83526529
-94352043 -83992525
36194378 52328104
-22350389 57495387
-37022483 -73523384
17333829 -30056732
70457639 95355104
-33810806 -73819708
-27943116 -13254224
37109188 39842360
-4814611 -60909470
14930012 14187917
98380283 51739231
78564704 -6450690
27952755 60695334
31570698 -53283752
40917848 16094617
-26956967 50551919
77354203 -66249650
-7491992 -13608353
-14241292 20524052
14700969 -38240940
-50065950 13226034
-57597386 -57344512
-58120731 -19663014
19335048 54476295
-32159785 12704593
-74394045 -50258451
-7265977 -84232261
48425665 -71081156
-87521325 24546299
-31791896 52978295
33270877 36485718
13718649 -32095186
-26206550 86304123
-54846455 -73398233
-37528622 -93485265
-35894989 -44016570
2440578 -35724292
-93856752 83471239
-60471376 -63981429
81516518 34225359
23383974 -23827872
-47388533 -3791248
-39990305 -38617944
11288044 76787847
61143071 12721078
-68410441 -54068696
16519231 -64727508
-25162441 -6969137
76652626 85020290
-30946307 -13291422
-42960917 -26890775
2085014 -7007478
72983794 2655315
-51062403 27951621
44812309 -89304772
-78656500 8998533
24544587 -69169835
75013177 -85272981
-97699922 26492542
9981665 -1610834
75003182 -90002691
3179914 92349868
98351754 10740785
-24415445 22298671
11844115 -72822909
97680718 -34593348
-89137802 53593849
57902527 37907730
-99558719 -20416837
-98152843 27270835
-10200598 90730919
-91742761 78341884
94014507 84179357
20573042 -5127702
-21396954 18884786
-56744266 -42553777
75402949 -19603593
-55427793 44156876
-98462213 48013851
7141123 -86079120
-13202975 -30387118
-62759225 35507628
-50420096 96331138
32850498 -2839332
-37727780 98819593
-90354477 -57164428
77693604 -42082731
43854768 72083401
-66686712 -55248791
-85193567 38482574
-46742780 -997599
63385268 15828797
-15935262 -26598204
40261832 79081202
14156726 -48259653
2695574 5627761
-15623437 -78839379
-49484445 51880334
-2423229 53012982
86937332 49299085
61228948 -96729971
33564704 -27352398
73837895 -96564809
80703246 -64576496
61916773 84205517
84228406 -13209864
-90585121 -58829709
30005058 -39170939
-24806021 -63989677
-9896195 -14517021
47686160 -49820821
-83239147 -67033072
3264584 -77597060
-36795285 -66942508
-34314760 -16929473
67078736 -19643032
60814991 -48430028
90045840 95286675
-96035041 -13581393
55777604 16094674
96101981 61971226
2206532 -99233858
-65029062 -51917596
-23498025 43970769
49243046 20384197
-91650394 82687774
-67583120 -47839883
25935169 -90577155
88170374 -51182602
10610390 42131872
34879998 -11635054
68745302 -55635400
40218527 90744338
-22701140 -46305176
45152883 -46022720
27641857 -64816320
-55232385 -74227615
91938911 69852229
-6135345 -97584639
61183492 -74585217
27449908 71142362
68099245 48775119
-9488195 -64813117
-42170733 18658746
75377513 -64636960
35718816 -13841935
-69992265 86466031
-23269582 -20971251
56557921 11132735
-64538295 87550565
57026916 -70466565
-83461608 -83796549
12497327 48652849
-75115294 -90395839
3931026 58074075
18178981 77052674
891893 -47747105
-8156873 -34186079
-72512446 -83061216
27653813 -75961130
33394585 -56990191
69947995 92178474
-71294894 27740055
-46645621 -9576260
-77431465 -45788876
93847270 7315343
11967695 -7985736
-31448037 33774562
-64971262 57569755
-2550767 52143568
94518603 -95592606
-35598951 -32171922
14650258 38633357
31108364 -46162855
6824969 67060831
48512545 -30711069
7418943 -88976809
47416184 56263188
-43513645 83204496
73588021 -31180028
39605296 -20403233
-42095303 -99913387
-90095019 -61067953
-53181681 46836882
-75085216 86833350
87868492 -85050946
2353844 -27171979
99447934 -33522509
-4004291 -26185580
-48419514 30563390
-34135988 -40640693
-82920563 -38103048
-70750699 888990
50567463 35418169
-83159982 -10208970
24744317 -89976388
88881975 -21415712
87106751 -98234397
45839735 -48317301
14201710 -27120329
10697283 65673876
-71654715 44970325
67364198 -65166076
-49242748 -51927630
-78943347 74537653
-50635764 19972064
-47870172 -5420125
-79392879 76694636
28975101 11909480
-82963920 5674316
63986725 -59082637
-9123943 84376832
43612904 -26973232
-57344939 11401361
41508417 59525011
11503018 -76869533
-68694892 57651533
29372889 -88179527
51679371 -35403370
6251442 -2340518
13070345 -18894393
39057311 19505203
82749176 76750571
-59113620 47392678
27753262 -14099986
-86197897 -19658806
16793173 -53575239
-142839 76870889
8258055 92764946
17496104 77515603
75431599 -97618514
-53068185 -48016522
48761953 94397992
88257849 -71361333
-90820551 26144273
-84174239 -61973851
-71620163 -84108722
-10820836 -70892383
-52452151 -79374012
-15775228 38242623
-96771921 -4937332
-71613477 9148245
10264019 -98060854
-54509305 -40336942
53045029 -49242988
92188893 -70833219
-71462396 83669184
99071982 -93832460
33227145 -98136263
12579875 -72559870
13516424 67912249
-81350352 -46302072
61901240 97497437
-26577887 -76029030
77662110 -82251270
-63282893 5392853
62155120 -28245765
54629481 74968336
-43910199 -76263599
-58512746 56069907
-61202353 -33005672
15073838 -91418025
75927726 -45050520
13183136 -88169735
3539137 -976246
59509630 19573779
45015722 12465377
54716676 930512
-27874206 35629074
32869520 93844956
-80736626 -75275318
12719643 16102033
12052982 -67678558
-83663306 32070769
-55153613 87147484
-67252347 48965093
-72473666 -38039615
11849220 1670511
-34632636 -37045404
-30569498 -6905552
90310116 -60301601
-42427891 -87712807
-45044867 -30331372
32934376 -17762152
95209519 -65680530
-13840154 -87563635
20624619 47240226
-72955292 -68583690
-18035204 -22704646
61380428 -78058492
27799788 -64116380
88395862 -36419571
-69333910 98497343
80114247 15408550
53416319 920662
-85593375 -2049902
-6831145 -94396939
86611039 92905365
-44488175 76340162
-62018205 18707571
28344755 -21508217
-13896086 32702215
94319208 73639936
-36063284 84434016
59839027 -64164907
27224666 -59895795
90290350 94102589
-53026886 7476602
-29779401 60362494
79106931 -10459412
81203371 83553025
26623686 60348416
-67526211 46298004
-46527613 -71672966
46641049 -82739411
-71277896 -6547770
-45540023 58969849
-28979701 -52114957
79859915 -98310964
6375288 -62780941
4352999 -22478198
-69907208 -68019786
39203795 -88136709
81713278 -48538868
-61523183 -61604128
-36639673 -9984567
20136972 -55046462
-98680506 92703466
95541092 -60143936
-42631206 -44199490
-56452000 53941298
-12883066 20683472
-14614206 -88943653
-58613728 -4966203
-61945953 -42295119
12539652 2217043
51264926 -4652771
-54226463 -50921322
13859458 -64073406
25317871 -57950135
-73750082 91979733
18529608 -96460769
56329015 27299309
-82037151 -36903050
-78899840 91870052
-61184583 2617366
-74309034 -61739598
-69189754 19239812
86240685 4215
25645851 -91869526
82540638 -90089713
-91504535 -37932064
-96118090 -6188449
-38149692 -94249525
-27153000 79354961
61643279 -95506645
40921943 34897924
917532 30832129
76589471 18868503
73520484 -97817587
50371365 -37304391
67081283 74962563
45772770 19857663
62534394 -45504805
27213850 -88272302
8862008 88102093
-63193813 22630153
-2928392 -54923019
87794888 59309277
-30946929 -64900821
82880204 -13716617
9051905 -70701141
-61454573 -72065091
63942228 41552042
4583752 69216801
-13664438 37403447
-74351717 -76937863
-37568402 16171151
-48574338 69267750
69749059 -75594141
63818067 46963319
85373391 -40428531
60954047 36398081
-23927280 94321712
-90365078 37404428
-58681266 91102833
10479969 -81541178
-64328025 84886901
-33618435 88378267
-13893668 36575265
37739652 -44811434
37906978 -13370269
-2732639 -94250236
-59394424 -90922932
-65271467 -1145358
-9488283 76470065
26179499 -10051945
-51876888 -32563822
83324798 62366922
-89751426 22637907
21375758 -92062807
-53823624 39849014
-50630354 3421970
-22037240 -27545042
-67244198 -41385837
-79508183 -90117089
-58114270 15317190
46260512 79077789
-12060607 84837902
-73310919 -21501141
14108503 -68571292
-70860620 -96054435
21220779 -59711783
88938481 -58935775
-2699657 -71167933
84877770 -65670728
-25559278 -68581562
62307683 -88453250
48828248 34055485
81600282 -35668292
-71884200 -71359390
-9789727 -25265446
-88183755 50892288
-10386419 6755013
63996697 66531644
68742644 -38876531
-52146633 96322216
-52614605 -41344250
-58330436 92740973
1785054 -61998492
33424847 -40853082
-39066160 51237317
19794854 -88442682
31046544 -96314528
49457565 -54075757
-39166779 -224742
-18654779 -51374050
-84597087 -81894466
78045738 31268185
-52467479 32508255
20943343 43501959
-50905780 7728503
-28418481 13667147
10195720 51614373
-73020381 6936050
10036826 45887415
15149526 29765573
-50555372 -84355365
-36510726 21665724
97037530 14607442
-45318466 20369532
-69717391 25682554
-82578753 -35933309
29586594 -10329513
67348176 -55967756
41402829 36459536
12773855 88820264
-75051943 -92130725
-2091294 -51333516
11587009 -11096456
54253855 -69299752
-98022899 93328116
5621225 -34831793
49155106 -6241872
-69055576 24028115
-66629433 84142840
-9686185 -14050049
-40824745 -4613377
-23596761 880711
-23342062 8027760
-22292567 35723228
14146799 90226845
72057127 39182901
-59415265 -20012720
8583146 -31671569
14040925 -69204714
-69996278 -26169262
-63549535 46969108
75583420 405992
-90705913 46371103
-28544200 43529373
-14767133 -8700199
-41210080 -38174674
40062300 76884324
62182219 -5382490
88400013 19630211
36251777 14797413
-58559227 64392587
51596340 -41082780
-54997619 6421527
96217196 -75474507
-55029668 72053875
53231341 -34102096
44904857 14895356
-11647111 -84773439
45853577 -56342763
95316351 -21591672
-21345432 10699243
-97917366 -7145674
-58140007 -10540796
-49675215 30666734
-2732708 -35754957
83988882 32679265
94023298 -39573411
-80004844 30558002
-46641344 44594124
-35407636 -71255846
-83630203 26050984
-31275428 -43424166
35943031 -93729180
55321285 -1294475
-93922655 -67800294
-37764318 32960485
-94740952 -5503156
83595521 -64124471
54477652 -60186805
77562177 -29415362
61854022 77815183
-34650566 80275122
20074128 43878313
-42117839 55439528
150114 63741441
-91630230 -12719434
-53840713 85493057
-66854882 345114
21439516 23810164
-62929882 -81647052
-78395101 -50959316
77042550 -30482397
88894581 -39485741
-77015538 56217153
36363935 -26749372
-21383944 -20107210
-40296991 88053931
-20818799 48707947
-81503418 -4829815
44969972 -20549327
27512533 96563278
-47437890 88299203
-13989107 -4167225
84932604 -22333787
-61801573 -90886949
-61757448 74726319
-16236368 -84043530
-26379549 45915599
-59894939 3097409
47117152 50189095
21866218 93176765
99109172 -63391247
-61560253 -14784741
-90289584 64569723
23931615 75095739
-77344370 99493834
-65723773 38422945
-7949163 63575577
-35454729 5448487
78089749 -4052457
14120844 63978989
37661544 11524291
47764829 73993460
30299716 -97756523
61504819 -42390675
76540757 -83571857
-73487948 -78874724
-40793513 -63657894
2363476 25806320
-71577437 -37670359
-33995751 5505993
-10336172 -99115391
66414955 80352001
-48204090 85491904
72739760 51082603
95615726 -64277394
3598130 -52492679
-2042943 -96612567
67780148 54043654
94389930 57658056
-18284197 -99271469
53388062 -85409073
-55248668 -1448031
-71293484 -3497504
47861250 96257268
14719542 -68511885
59514903 26047168
87328089 92413746
57918648 99574529
35518180 -69274290
-49810383 72505910
-22897788 61274005
-67696408 -29962185
96996784 75214929
77001589 -65815516
20709180 6559909
-19459857 -2884537
-67972573 -41770214
47805956 -62931693
80057146 33184975
92013615 24943609
-85237266 -23410781
-51174544 26555547
21328164 -34197703
6793913 59913417
-31684874 -16917228
-59864950 -44535707
-64234402 -98791631
53068995 7275224
-74132622 69483511
-47901664 -17995423
34615453 -56284150
14501164 -17484484
4681056 86959630
50343342 -8848267
-61868627 -81685971
-47043934 -25948002
-92396430 64589712
-85293607 -9635846
-42659539 47420782
45381896 -63522270
-83446809 -20912726
-95089045 95735925
-86278551 -4733699
34278728 -70015765
82470032 68329207
-97791889 -62142897
-89666227 46268132
4043741 45287652
-19830279 27959086
44023799 -29684472
-90911822 -52222905
64436733 45447274
-78055060 87495627
49015024 -97749692
87010414 -52708478
12922053 39337965
91154610 2252095
61130298 -57517035
1717388 -46820339
7465067 45282775
21560842 -29134026
71614121 -88925384
-50533766 77181200
27410347 -7396529
-40057378 -69071791
99194349 37505707
-34792631 29888689
84316866 61061430
-96918802 48030184
-65227191 22417544
-89106417 -64040336
-57278942 99220496
22134699 -44750833
-11429209 12418136
48062635 -29059908
63594943 -25796501
-26737975 21253471
-6939293 687996
-4198268 -56664104
-24614095 -69488208
-98629248 -25006580
75143933 72650133
82905536 65361344
-58767627 -13457310
95861436 -62568056
91044512 -89565793
83837333 5858477
-98640707 35124062
77670273 -49205564
-9066750 -41800987
79698425 35015928
93029848 97381192
62779749 -75328456
94441689 7985949
5613304 91873879
60572121 -83979915
97198880 53197893
-3456489 -16654309
-25887654 38491298
-12889166 90359886
-32769051 62608325
81245601 -21057654
79730482 -1379936
17380251 -8878369
-42153165 40600331
-61405493 -60557366
-24963954 89823168
96339278 30859650
79615812 -68436592
-15553886 7871676
20146249 -37601135
64103408 -8991970
-33962444 78825409
49978154 -34957727
-29427611 27150797
-22434704 -38455942
92512216 -16588576
-32459166 -46007385
-12916683 -44553728
85605691 63587087
-67287389 -85151108
-207031 8060011
43767844 -50173020
-99744983 84407658
-91494301 -84158714
-5277243 -92898709
-1932706 562177
-54164894 62978047
-4815162 -9776428
84431027 9153863
-92519614 -85899041
60212007 15280442
16263118 70881700
27494470 67020930
14551872 -88319714
24265493 39189731
98551501 60961426
-22241667 51328873
87530112 -18629068
-3352221 -47204387
73042290 -82085290
-73018402 49252028
-96486765 14998537
39192256 39926216
52679934 -53009292
13333223 -91531351
-99620171 44512827
-71100729 -45770663
-39173154 6223091
12774406 -22027162
88031269 85162140
52790625 -30766830
-85098907 82749761
79421572 90150316
-92403080 -71267960
-98245881 54397469
496208 62894769
40953977 -68266191
-53992680 -16098070
77219564 -69697082
-96828630 56396066
-18583533 41694461
-65387863 38702016
-20213020 67052519
52903832 48188307
-63305353 -16083468
84908356 28099228
19064626 27109789
15 552
46 444
99 147
808 995
75 751
364 721
248 297
109 526
157 823
233 266
271 846
44 85
12 900
665 837
665 730
15 839
47 281
390 545
247 332
319 504
21 565
659 849
410 484
630 644
353 424
532 590
129 432
420 926
313 324
582 716
210 381
46 755
108 539
776 989
288 391
108 827
695 774
50 648
24 908
185 928
531 821
289 608
183 246
140 500
53 533
734 879
579 938
781 867
41 672
57 638
598 707
127 650
55 790
63 181
771 783
83 811
372 561
169 441
22 563
411 891
12 653
48 616
84 804
355 610
357 614
297 737
522 549
671 912
382 604
382 450
240 418
277 728
13 188
273 586
267 566
413 491
600 800
518 967
308 854
151 930
415 863
495 607
168 848
386 709
360 625
160 778
841 876
215 755
810 822
203 289
446 598
28 39
16 501
95 660
135 784
154 612
607 768
133 960
333 901
208 759
540 587
215 308
773 945
20 374
688 815
246 937
611 710
635 884
184 546
50 796
640 683
340 361
149 227
196 948
296 461
430 907
139 988
66 906
213 426
337 681
827 917
8 219
509 817
207 892
408 712
516 978
473 946
171 342
394 925
706 719
44 440
294 851
6 505
134 847
234 934
65 893
851 923
427 888
265 929
38 776
67 930
58 923
357 485
383 887
179 200
535 668
156 997
711 726
139 993
399 846
670 769
475 864
145 303
957 963
473 747
607 753
621 902
201 566
487 836
320 442
402 787
262 976
300 343
805 869
529 778
631 818
562 696
218 894
498 682
131 192
622 911
551 958
166 240
472 619
649 779
804 998
84 916
103 124
459 462
348 738
449 870
448 673
6 455
406 692
562 744
272 721
400 646
527 665
53 117
211 420
220 873
19 574
116 546
494 630
312 817
361 437
522 765
473 615
12 952
119 633
164 960
292 380
207 880
385 400
16 401
150 636
365 453
43 903
389 453
81 101
642 720
521 748
266 811
583 917
86 645
647 829
54 335
316 927
92 958
148 939
850 872
78 174
230 938
123 129
33 805
191 840
318 909
109 264
41 76
159 821
417 706
293 579
173 176
34 81
230 276
496 699
217 862
369 857
382 619
591 718
700 892
87 402
1 596
254 963
375 969
82 940
404 642
530 567
167 559
941 992
325 932
299 964
560 594
301 593
467 882
14 335
550 875
693 851
52 87
453 955
257 761
483 927
252 859
161 789
511 908
503 688
763 950
243 708
161 378
208 528
226 463
356 786
718 866
321 677
296 345
647 958
94 802
202 578
159 849
793 825
334 431
153 244
294 757
651 896
358 769
34 450
283 654
148 287
219 490
250 529
70 191
100 593
514 585
188 602
253 833
466 663
71 370
542 675
5 284
242 947
789 970
754 916
43 97
877 915
135 636
261 304
90 372
405 715
225 620
218 312
260 761
480 873
653 915
216 363
474 519
439 885
570 835
79 887
589 858
244 288
544 925
853 873
247 438
180 588
451 971
542 576
14 347
557 845
546 784
429 629
97 766
111 465
486 592
437 903
421 714
811 935
61 886
516 967
68 901
271 941
475 982
330 498
245 757
251 597
125 186
52 658
122 974
259 416
9 94
346 964
735 799
142 558
465 890
393 551
618 816
170 996
291 717
219 437
724 752
52 543
694 755
919 962
803 917
747 984
250 640
371 618
689 977
16 720
409 856
322 637
541 774
180 834
561 839
651 708
597 838
307 733
110 123
341 517
633 842
206 454
121 396
112 675
378 799
510 600
523 931
20 403
24 143
319 626
379 617
177 613
434 783
173 639
31 106
228 239
540 749
315 894
741 813
398 705
202 921
206 982
213 533
855 943
242 899
2 550
197 999
384 888
445 533
224 661
26 267
372 924
481 581
504 730
144 844
489 654
622 713
333 979
243 385
330 858
304 857
3 73
407 700
228 737
150 674
231 876
343 377
423 471
45 684
563 933
271 358
166 461
312 973
407 698
189 341
94 118
65 295
193 995
314 532
64 905
499 977
766 987
350 954
214 327
3 298
716 874
810 981
384 700
314 474
106 280
290 445
362 685
36 709
256 843
455 812
235 824
4 742
279 697
243 479
556 644
237 969
269 476
177 548
623 900
368 897
795 934
98 812
221 707
628 884
447 779
185 253
655 687
419 506
450 655
488 500
32 642
290 950
615 743
620 711
468 661
93 956
27 686
236 594
305 537
422 523
527 593
567 732
233 564
76 610
505 965
73 429
451 795
319 470
280 782
190 911
780 1000
237 929
121 826
237 831
238 816
381 980
317 704
882 907
739 944
554 621
147 769
710 976
429 455
202 517
395 966
268 415
83 733
336 995
193 567
258 286
719 902
269 748
283 762
244 627
305 868
31 300
142 773
137 608
4 133
234 331
689 750
113 580
540 798
545 560
767 899
430 984
411 972
74 96
263 911
258 454
413 818
223 954
111 709
657 696
713 972
175 965
258 893
239 584
40 547
717 729
151 165
620 865
456 567
326 380
520 964
342 814
57 939
44 918
69 858
93 582
247 656
235 359
222 336
408 660
210 377
281 749
447 835
347 543
118 726
187 676
731 844
494 994
599 885
478 732
491 953
132 818
594 667
158 384
393 823
392 557
485 573
373 777
507 840
456 974
123 801
172 762
374 964
5 27
26 966
205 914
368 761
176 734
725 931
143 370
318 329
104 913
736 794
365 689
11 914
4 746
208 762
558 643
396 635
363 671
574 684
757 999
270 799
272 961
187 412
323 913
690 722
483 620
199 836
187 335
144 515
701 1000
842 895
922 951
17 145
126 673
790 875
303 565
470 641
317 926
581 667
602 719
48 772
51 302
672 928
400 538
439 501
10 977
31 80
122 785
269 741
677 879
224 275
163 367
425 502
760 871
332 478
167 457
169 575
571 775
328 936
168 723
115 844
111 457
11 616
66 942
79 668
340 883
182 894
68 734
18 986
564 625
137 436
376 829
870 875
910 959
617 748
62 104
60 434
252 666
272 930
45 622
855 893
115 821
1 655
849 980
198 826
458 592
178 183
262 285
103 677
97 878
69 592
422 899
758 784
107 177
366 490
10 371
595 599
286 729
161 994
68 139
23 245
554 661
291 756
368 819
503 764
686 775
126 251
2 464
403 860
142 433
152 354
182 672
433 825
772 824
209 765
173 344
612 820
398 632
535 583
746 842
351 798
686 871
687 967
419 782
140 539
105 623
75 949
591 765
396 830
513 568
678 942
395 806
128 337
165 575
662 814
30 274
493 702
460 705
236 268
311 390
435 791
589 659
949 971
195 362
603 889
302 534
270 284
30 349
310 464
105 152
695 968
277 991
916 991
411 828
295 555
274 943
421 936
468 744
841 990
24 181
120 137
600 649
31 601
558 788
146 720
297 533
663 932
42 492
141 758
781 953
588 754
632 703
113 722
51 168
794 848
170 843
334 641
778 825
229 470
412 756
187 443
153 293
519 959
110 255
78 944
32 160
735 931
664 731
309 577
209 739
420 889
70 836
38 629
666 712
113 418
428 685
431 518
128 793
303 986
49 424
391 493
394 405
37 789
645 685
79 147
345 657
89 898
681 904
246 871
17 416
744 800
409 989
538 555
39 479
349 481
95 406
30 905
628 637
292 956
17 235
544 928
348 662
310 699
152 831
524 792
91 350
327 983
410 806
224 460
263 397
282 715
56 813
102 833
631 675
553 895
801 997
500 745
203 536
256 970
146 797
320 758
36 371
368 624
217 868
306 519
363 624
397 492
189 680
298 484
352 438
238 680
77 389
603 919
22 843
88 260
360 971
549 860
21 983
862 991
123 469
304 534
195 855
279 632
740 852
441 443
752 942
690 981
92 281
447 699
239 682
520 838
577 764
909 947
388 691
872 990
800 834
227 819
380 985
467 791
792 802
304 580
21 477
130 526
344 528
525 631
192 830
460 854
124 785
423 514
603 935
350 519
315 357
232 577
559 770
314 421
373 753
23 89
578 887
80 579
131 156
241 975
309 569
58 727
508 912
609 945
186 857
242 703
750 850
301 667
313 489
405 559
674 783
179 660
136 933
438 760
125 426
212 738
433 553
512 814
249 866
231 414
425 918
568 897
634 925
61 309
542 601
459 861
678 910
604 688
287 609
74 727
714 864
33 204
572 950
777 870
150 341
86 955
478 585
338 896
435 786
723 724
98 278
435 538
138 512
537 652
408 491
60 511
497 978
898 940
205 877
452 573
163 334
692 957
199 387
318 881
839 983
23 155
37 49
852 940
440 605
273 329
278 541
204 785
59 808
134 590
157 832
527 574
315 605
164 571
427 774
29 276
56 463
548 962
412 922
323 373
322 448
512 772
599 807
673 710
194 874
374 379
88 162
388 948
324 920
547 595
466 650
72 326
796 953
387 524
47 163
114 860
63 249
776 809
353 409
492 669
83 174
121 727
155 354
130 701
7 255
127 482
462 985
446 506
91 526
885 985
288 568
388 572
225 298
446 606
366 525
35 172
25 325
48 679
3 482
536 702
480 777
392 952
128 339
130 820
654 975
