1000
-62715026 -93937316
81286941 21682291
-91062500 -32699717
-32750172 97248154
69471109 -7812319
90178808 79804784
76123110 85946289
-76623636 -12914491
35650135 -22360809
-4062893 1258783
-12772249 -99618652
-48389695 -45494235
71277730 8012290
-77142563 -31549628
-70137662 -18110614
-27939293 15281409
98693360 76405806
65199745 -33398869
92234964 -18062715
5825449 84208853
61353556 -68560021
25506142 -56686635
46227105 15609918
-50640949 -40821999
82201543 51887656
-57807190 30473066
64804731 -47133560
47757805 77820845
5525571 -23300865
90583900 -40961732
70161675 -89081456
31138707 -37836325
63406381 -77823222
79047668 2815375
27557163 41124698
-70764674 9943370
-42721852 -30917221
-68955049 76813123
56782093 75174040
-56831596 77778918
-9136991 -20174992
81970462 73621012
-42389862 -82257131
41221733 -54362695
-65858493 10484470
91433587 -92827455
74455780 -77158819
48893505 -91059167
22246550 35434656
48460860 2149684
-57499001 -22820116
-40966068 -95651654
-29042245 -39696626
-98446117 -69887243
15747856 -5285479
-53404788 -36993069
-82572594 -57740398
-25958552 -72097778
-16542346 10447407
-38809004 36695702
-61630651 -40597559
-49477562 -49945126
33399428 -72425355
-92292311 -95402639
-60188532 -5713817
-45577100 -99152395
-21126241 -43842354
58205904 -15281826
71677844 72184159
-30718132 -13850923
-35097357 44676941
-88991222 26072910
75522105 -97355185
98697269 -59330741
-4969402 -36440483
92065202 -48265640
5644493 -99590274
75930340 -8985063
-27822823 7903578
97243883 47040599
81927744 59419981
56640106 -90972332
4690087 81420802
-43851751 -83886244
-52445138 -83617025
28460461 62690742
31553329 11682996
71630834 68546083
69450489 58798661
-65379933 -7420618
17019407 33313584
83420886 88210858
79774991 76901302
-40652809 9890102
-17364386 94578395
23189000 17637770
51872466 72883639
21440370 -22922674
-98125219 15366441
45128314 -51733805
90628666 -67127888
47334325 -72569035
19551906 -61696651
-55782949 79707123
-36841213 72402004
81973784 24335802
75447152 -68207086
95326016 64486510
-69904933 -25997760
-1734379 -90414796
-16343625 64026510
58542089 -7948529
-34924103 66587483
10045391 -50230387
30248164 -76170218
87977194 -28968935
17627196 51726700
-37136798 7018794
-78362972 96457132
58145086 15550359
64385473 -64164765
-97130485 7036819
849181 57941756
-12233883 70969045
15353447 -22814818
-95149386 -64565645
7499262 -13187094
32416701 -94060292
27488743 13437343
-77778088 -33168429
38893862 25915045
96567599 21323221
-53085459 -31970212
-61647516 29462062
-16896555 78623806
-9710624 -98691936
65530475 -76547318
-19266991 -77293779
51053543 -22036839
-26977596 -18799457
-27839813 -49884638
46619687 46607168
36776822 17082994
-54605463 68076124
-75195751 -84215268
56265028 -45327127
74385875 -69027244
-42919613 -66653683
-31625251 8579937
-32640868 47425070
-31123606 77160618
66361952 -69842409
24340862 38072121
27156778 19223261
78562889 -73889072
-84045229 47505656
-5152483 -17855410
4675734 -8480154
14463195 30333300
33909338 99041762
41421857 -30710277
-52621649 63885242
-77138578 -85918981
55570119 53141840
-51042218 -60425477
-21751498 12742193
-86012630 32250922
-97769171 -16396626
-94662922 -55275255
-8674452 -21615812
-25678280 92013928
-43670880 45105771
-2045926 -43375814
-23654352 79383502
20452635 -48874979
-42123592 -5934677
-52282784 -88713897
38156078 -93555904
-50827678 98447876
-94075574 -51697163
-30802381 -77674198
-55373226 90066358
-52305159 -97742617
54842841 17668704
32988387 76958225
-23642928 6589696
-64949729 7643891
-54527929 -24875403
-52285203 18019377
73852347 -80131282
-67324098 -41801762
-88779990 -27138799
-2322518 -31149247
93655685 -51098853
70180161 -7586020
80564784 -3812632
-77678839 66412508
-31309274 67922376
-6804750 -27790676
-25817281 -84323777
64724665 -4152235
87382370 -90627171
-15708208 37321030
-67716806 -71077499
79719577 49159629
-63867903 -82094325
34400643 6021327
-35310327 -97566379
44690528 -8491723
-57370846 -61655401
-39031393 -98654766
98734331 -97561167
-76701364 -43250824
-33324353 75933302
-26356107 -47429366
-86412530 -88486354
72397041 -16458913
76694152 -32612335
-72775612 4149942
32621631 51742060
66085714 50988787
-43884204 26963314
39549048 67678778
-47837861 -9708775
3964508 56674812
-64216996 -90947675
-90533947 -75152861
54559822 55256849
-23108123 -49716366
-4890880 -80297371
55245558 37159236
26066967 -25610968
-21030071 77342560
27767249 23483857
16479746 -43353716
92579621 81214502
6927716 94269987
71883652 58392236
-41087367 74282850
38463909 -27078073
-29675908 -45650539
-34171364 -35009358
1907424 92272345
82962999 -31582316
-82417387 -15862155
66776600 21258264
76774779 -57425061
-13190621 -46185468
-99069288 50313008
25833022 -43608628
-9839206 29810520
-92865922 -55794848
69253819 -21030223
-58037161 -5355875
-7356002 -73502479
24331565 20513062
-29346914 62194583
-7465135 3981490
-23693376 59788660
-94386279 -47213047
16273282 -82112208
81800447 57095468
-67363469 80158208
-43948294 -83415756
-28746335 50688630
32247017 -29182755
-13283482 58656841
-2616036 -91953534
-15651670 -15985949
75895108 5092962
-85414154 22149573
-88304587 21813469
49807428 82082413
55945596 33962456
70894230 33014077
-28957804 -37679322
-89422785 9681465
-73778801 -86177103
75102086 -13688207
-86377152 33191433
-47249882 11008910
-20603346 -60366210
-57562577 92241172
-24494041 -68257472
261229 76858375
7957826 53042089
17462377 -71985083
78464137 72870606
20545773 28692669
32900027 68122710
-57108305 -65952026
-21439509 28918714
-58650211 -59277775
50253579 76277586
58116646 -29159587
-61951149 -39012052
-6077823 -74456826
-93544256 -66030752
85215006 -93722036
45985743 -35860934
-64251025 -92951777
-25203531 -21127198
39830492 59210125
-58826143 -43450448
5788511 -41482131
88098051 -70705124
49772785 -81254867
-15286774 2967792
-48016283 14548578
90951345 -49228093
35513111 51116299
37758006 77621391
12795259 52305164
77890409 -29837237
20025800 -66289027
-79334506 -58664844
-19216504 -60311270
-52753006 -6518764
57817869 30729291
64022533 -9528165
-32404618 -17461335
-5915979 13139226
35561331 59267772
43637486 -23161177
-96626900 99352181
13746628 -88674920
38795252 -12405820
86811092 -82924124
-17619169 48287912
-84827181 -95862346
24109321 98207231
-98497333 -92429130
-34978218 43577878
3668618 -41746589
-43253067 -56854876
71582618 -88997979
-44991110 33571349
-64289041 1581687
-57869029 -61999166
48071544 -49455427
-87551228 19750460
-1042608 40815659
-16368445 64210690
-17830546 -12515160
-36798939 -62872775
-7442877 -98177486
-41292230 74292529
22049859 -65752225
-623106 61280200
-180364 70814141
-19742818 -12613294
-40109292 51476515
41576362 7045888
-58899266 -4925459
93378917 -70622547
-90675667 -16467785
39763122 78162495
-9318857 72113974
92289874 73479136
36369355 -99099077
-91287789 -3642333
-98253859 -43439671
10965143 -83525920
-66631362 79383151
-50585341 29583655
-25634817 -66458053
48764890 34544813
-33698285 92467352
58961004 -3351544
5032522 57130168
-72025453 -38754035
-62492317 -89220546
31034086 -56159709
39797606 89919669
-84866435 28618925
-63296243 69803252
-98620858 -85549707
-99903118 5568820
-85265918 -80498243
-55825581 76447102
-77250961 -31409273
59085272 70441063
94769827 87098560
-55754585 -89171535
25411877 63719849
-8379556 -24653129
-57558090 -24741815
69421963 -25751229
82176241 95937671
-31157542 -60369136
-7778789 -24274283
-19122337 -37578769
-91254464 -48144962
-40345433 64301623
-24773628 52681097
-20503181 38375698
-20440389 26789253
-79285776 39662854
54603352 65626703
44705623 63468233
77222477 -55354976
-94051219 -36644861
93867581 -20893166
-13212266 95561444
26313286 13990016
27750945 92836002
-28752838 17782134
-78924765 6831969
-49382974 -27475917
-18546046 3388074
94382220 64822022
-52358142 83523404
-90711359 18456733
63063831 -83993451
90745134 -68628836
-43947657 -14499358
93699554 65040138
-3688896 58743622
-91723994 46967728
1502398 71573243
-77958360 80999287
92508764 90077844
68169559 -24904678
-92571248 25750173
-53830578 -42241898
-24228075 -83821598
-45390179 -9155926
66207975 1807799
63650912 -17039362
39100326 31463629
57965241 -52309572
97002297 88417168
-30775576 18140819
90192908 -38735261
-46471880 -44886333
82923177 8595290
-14435356 9423038
30114741 56826259
-48776872 -16238376
-97410972 -2077560
-82938796 34355677
-98871809 14055666
-37152941 43988966
30078537 99996463
-58270021 81870972
-7604451 38294681
29467274 -57291645
-43386005 84682544
5090366 -97296011
14994084 -75454882
-48544496 31811186
34487185 28318301
-65020152 53787570
-56801388 20638848
46207670 22566954
-88523757 -43402386
-83690460 -63055285
-24746978 -78192629
47360023 93637994
3540589 6259874
-87364462 62426724
-51209428 95586677
48719750 21751539
-15853804 -15502338
-6323682 11412904
-6522601 58982299
-46722162 43008476
74448997 -12827797
1620278 48791847
-11493203 72220785
97182136 -12125033
36977013 -11746389
-13536765 -19674660
-35485039 -33611173
-25799515 89749253
92647832 -65617844
61606516 46482327
36202972 -10749487
-79000705 -66289899
96953170 20198054
-54241248 -19749953
79041849 33838817
24636685 -9926359
-94509983 61673578
31392976 3309393
72924768 32457829
4927518 -88374795
-3719832 -64940775
-22835309 47316843
52431700 -18582401
33543772 -55059873
-84443902 -21543200
-92862674 -66882515
-37503413 -60684520
-19454286 76415367
-3460538 -89804394
16139803 -46140557
-53381090 80662029
54530069 -28959825
-48329009 81784893
-33974286 -88688595
53183561 -69067308
54888635 -4239329
-93179680 -82578838
-99089784 -19883464
41879363 37826
-50966681 19287152
-87872708 98271159
-83517240 -59928012
-73851594 6495412
-4276919 -98133287
-46588770 5725167
-79168703 -15884086
84508634 -55000068
86849973 -10157187
36495656 -19599184
11518592 14711304
-68562569 -57349276
-40394710 -35482321
-65756142 -12229230
-25142080 -71633079
-97149033 -60050223
69041321 -30035702
76547936 -90611687
-22394450 -49957370
36596703 26026621
97290351 -22344768
24975066 -15298482
94746051 -70503084
39832015 -22593548
38535642 29809935
24737931 -16679839
-62525634 60523512
82574830 65146636
-41984318 -9850411
-21985293 -65455356
29074301 -81779370
42240852 3967424
-23664552 15702002
44185083 39015088
-23005423 -72238021
85095898 -38825059
-94692478 -7051074
65730486 27314932
46246440 -94127624
41577585 41997474
-28865990 22854648
38436249 27845905
27492204 -65422611
67777678 -33070887
89543890 37411727
49103415 67305644
-10442061 -64048153
-28665093 -33099555
-96602323 59186301
-99605626 7714883
8769250 60865600
58245429 -92103870
96841538 64178101
-78616962 48079294
-66330104 7274678
32555967 -26455875
-19625504 73987448
8677064 42153366
-56551357 81133254
93462205 13834265
-97520682 25287241
85435527 -65215820
78933559 70241738
-53768860 -13900282
-22149302 -61603908
50846984 -10543029
83113589 94889717
82285595 67451694
-46528896 -70573918
-15698806 -21074905
74398982 14739218
99015230 81631583
-74535194 -9941586
60846439 -59663426
2384890 -59741854
65710486 71711962
-62311563 2637249
-72252226 -65203753
69424144 -48993351
53569789 -21795709
77614085 -91396720
29001080 46587259
1375780 40026838
14252045 -57810767
20100896 39681507
-94795345 -66764693
-67105904 -13830962
-10347515 -16026889
5121662 68652223
-49432958 68532305
18247296 -68974090
28496788 -51202198
-36313025 -45299174
50483808 68616924
42253652 -99716387
23827608 -16136460
-77650130 2873341
38209316 36342383
18385389 -55171857
55415191 -85540626
15437057 57292538
-22354932 -23665942
33841524 31232057
-9750658 -77111241
51803720 63654328
-79837875 -43850085
49996411 89531311
92933330 36186310
-36115223 18364119
-67869096 75853852
-64517099 54764774
-44539415 19451304
7462684 -7657554
-1211685 -67233772
-22970193 -10931037
52265412 -6279242
-80404677 -6133031
-49113244 -72294794
-59048715 86825835
-42823758 -3091311
-46292412 -94681180
-30736225 22018644
99496738 68702560
33637119 -26078860
38022671 44503933
-78040045 53269647
14664094 -53341415
-51581945 93087860
-45544654 -43225966
47696719 80966631
40802949 -4798338
-54369086 65031015
76716249 88223150
76338818 -15572093
-66689312 -59515578
86142064 -80725835
-71979381 4206773
-11385279 74505467
-72481450 83847887
46269887 -78680058
-77216890 20345000
29984768 -93246187
51806519 41388083
-8485366 -67683742
-43708578 65618236
-66860736 -92909250
-81740580 63362147
-27667769 -98714894
30910066 -17170972
-22546297 87413344
-26752961 -5200384
5319604 37693636
-10451084 -59406382
76827414 84552026
-34617816 -45538453
-34703446 -82314989
-31886168 -26458311
96523459 -74359623
9338452 -41047158
70394208 48323913
8875264 75744141
95475819 -15927258
4529472 -96648534
12513626 -83788446
-97514112 -18333355
-7023737 26112851
-71394842 15136945
22234276 46291682
40972784 -60568559
-2671104 74423292
-51348053 49310601
-26998106 67563895
4320418 1256190
-1760085 65106943
-23032404 79587567
61667289 -33027595
26253576 -14210049
-29891243 35018400
59309750 -46463191
23645020 88747382
-99457853 -28180967
36881926 -73442953
81592912 79565715
-55289504 97922338
-9606966 -94116250
42620102 6397641
59905650 -2295882
-43107627 46543434
69474690 21934568
35359048 99660519
-82804610 -92004151
-31990497 -84820273
12369711 -30408555
-10863006 -12909627
17807117 74306458
5745632 62000134
-71153918 -308991
-52926189 -62363884
53106328 -3139970
-4349032 3941917
14651072 374275
-78265506 -11353782
-64207918 -9161926
-90399436 62377863
-20818441 41065448
-87114545 -69259587
-31628822 85823401
-82033613 -54700624
35097136 -17820272
-54201308 -85741122
-73606066 33452371
-58581056 22250084
-18384947 -9943606
-82542545 51189828
18423138 -17639365
43805333 91914346
10096465 -52269769
-73750024 -37045325
-37909783 9550175
79337743 31025650
-58619549 -11237914
-61528050 -66952426
32528846 66179482
-43566818 -23866374
95797579 17383898
20118516 -51586659
-88620364 -84407733
-8390422 -92942737
-30902600 46560171
-6070947 36121005
58131129 25222939
-42812485 -31115450
95877171 36917947
-84515453 2710890
-77074995 -64658709
30007902 -54063613
-86017553 -75592310
89279321 -57527680
-23242749 -64264151
98764935 -79889922
-92409063 -6028342
-29919733 66655489
65916205 31453729
-88385685 11195744
91416480 -16676975
96288160 -42735962
67039347 -83256263
60059180 -17103022
-84163519 -93861902
-25070897 12614865
-6096349 -71343826
-78841594 -10977433
49500518 7025550
-44856383 46908918
64279020 5995096
98285814 -11714800
94382250 34610235
34033748 -23155635
-38312926 93688983
-33119392 -10056303
54735868 -4300397
-78921633 43314073
65371061 69204363
49514425 -64991657
-14854336 -20109936
63080120 1644957
73675620 -33951171
-60846891 -51803225
-97838239 -50333566
-90515823 -861250
58910857 55551160
-53989850 21281359
56936059 -97520375
72412694 -68398298
-11867389 -70601107
85732850 -87112257
-70711859 -47783516
-2155237 57823147
50745629 69496093
-86131919 22649403
95850859 96390176
28595736 -83231895
-4131390 -9494793
69699710 18192856
25885602 74689144
53794323 36922532
33304763 52401679
97932516 -61998933
92972388 -29467844
-69053823 -32406692
-21449689 61914891
43030816 -63540425
-16442780 49416045
-29806382 6434752
-60761660 84255564
-52755443 -2244539
-43324537 -84512206
-92139859 -20984335
93928939 87913237
19570867 -48750209
24111992 28459294
-44766325 4922294
91885109 48904563
-39882056 -56033240
75936207 37416802
65276356 62447327
-30689709 -85964325
-28908804 -83447591
-45260137 97556643
-58258862 -80091712
-68641146 90411831
-30966127 -4468919
-92996487 -53728866
76320183 64997334
-19792891 34654846
56932318 86020361
29123237 -59208845
-96254549 17968512
22684459 24541583
-26870788 18237319
-30744958 -55933349
93374060 -98680558
11748556 74747758
82204854 -98107915
-55985521 83409540
-80609655 92658890
41717159 44463828
-45151647 -30350448
44469684 65772411
19915456 -46046018
93229753 -76921535
-93959651 -8698636
-30210489 -49127424
-2603698 13122919
49991139 -79386409
83374073 31357757
-90192727 25939034
-54652729 19089403
27071071 -35886715
10078572 38485166
-45756945 -20115145
-58585197 -64476830
-1360062 39919238
83753058 -79645694
11104614 -55871823
61826014 -61677124
-13317818 86285705
66271772 -39812494
-7827510 -55114603
-76520031 -29394711
32100628 27903950
29774751 -91386639
92863191 -20391664
31813587 -84429138
61547468 4027079
-32013673 25298725
56384349 -44519122
-84223193 -81971630
-24906940 11639918
-54237185 -63796866
-23646410 82297498
90618549 5733489
3122783 -69387082
-4862417 44917353
99597969 99683287
42526617 -40004503
-90374697 46347320
-4568429 5561976
48523274 50207520
33097160 -38725177
4648892 -95175203
1631094 -17973397
-2658700 -91214293
38212483 -62321736
91842272 25879968
-21763177 95763283
-94053980 -51244945
98149071 39544352
-38841321 6796922
-77941359 -20110189
-13320309 42315828
-36283143 3404034
49197137 14644730
80315224 23621154
-71492833 55675979
22159635 59768717
8059401 -17206510
10788641 -88215370
32183460 93662159
-9512148 66816994
76011944 -33032102
69173639 -55104837
27440506 -96912731
-6225855 44842650
-29989186 71351540
23801706 -82158800
88688024 -89196791
-16047762 -39595883
-20547162 -90868820
-7496000 -22521698
-94284853 33262530
28452476 -88246874
69149055 86332703
-94082148 -4031397
89495406 -91783318
-59802133 -89011861
40828195 70767609
-89211811 -51480636
-45263312 94989181
83998425 66343187
-73967845 -36319311
-69619558 -28850965
-39563735 73388530
57642309 65171214
-22524880 57674442
-10925893 -17485616
-46517400 74637671
21727829 -10288551
88784027 -37784124
-56506373 -81443615
6429615 -78992207
76550823 82005649
-51378891 14148855
3170493 59214904
-93220366 16263594
-47432471 69573906
80721966 -21144261
-30389188 -57097379
-46322406 -91492807
-22082283 70951287
-68854803 91440232
17053400 16774102
-7178260 80417243
30114192 87800378
14961013 75777404
32042107 60164360
-59312025 46797802
-29973862 -24246803
84046095 89068825
83683945 7846218
176057 -81598234
-90378825 -44943306
-31127377 42651258
79132570 25489679
-55786627 -24917222
-32833466 96973302
-31101276 -92065445
74407007 29543341
-51235313 81861118
10720132 15408744
-95183838 -21165439
23557775 -62307122
36372879 36902625
52969787 4176584
95820524 -91644105
-20008086 -10711732
-17454836 24617107
62497226 -45537608
35221963 41975425
-20084425 53772919
17797384 48314143
-89611259 -3132344
-52298157 22574543
-40991815 26075294
52821782 -98694512
52871684 -84286923
19541426 80952158
32095702 -19630050
-97106361 -8306077
-51464506 -69075110
23866335 90626483
32674245 35125020
-15679152 -97551772
-3266798 94216603
-38683540 -18990932
-28271508 -45431128
-36971377 15328890
24205437 -20096982
62160753 33573151
-62978799 17996295
77291672 76579336
-86303533 74994920
-87422266 -38638729
-63539368 5228828
35886897 5532161
49706949 57887706
38065612 -6974270
-33928907 97193569
-94874539 -74831323
-30858153 89006006
16225512 13290929
19709797 23230394
-87053801 -45373965
79417065 17726588
503 767
14 381
111 343
239 347
37 738
4 952
180 883
84 264
269 464
210 339
174 681
708 758
386 391
411 417
268 879
5 195
229 525
724 917
219 643
218 897
146 863
84 803
449 669
271 786
175 806
600 785
58 521
220 793
342 849
254 354
756 865
108 411
167 280
817 937
532 602
517 956
92 945
263 364
436 946
279 468
298 493
453 617
71 333
952 994
403 859
562 630
225 370
383 805
471 762
132 480
72 843
827 934
110 879
353 692
188 951
472 478
576 771
129 405
524 587
107 147
870 900
355 529
473 771
282 317
528 532
389 573
369 693
241 982
31 336
187 561
38 616
298 592
124 470
231 792
76 310
669 877
419 873
170 906
101 415
99 442
65 354
388 423
41 170
537 788
172 694
108 559
7 660
207 991
594 922
363 670
160 696
255 297
19 751
61 296
104 565
496 879
329 799
706 874
200 426
40 380
528 683
691 734
434 925
599 661
118 885
536 745
698 813
14 130
430 531
361 968
239 919
322 465
391 906
387 951
694 760
418 784
719 962
9 764
543 838
379 864
106 890
1 301
233 495
189 507
277 750
350 420
534 916
445 565
169 252
648 858
198 748
307 841
686 977
435 635
552 600
344 351
242 474
351 962
604 959
51 387
373 447
327 472
407 826
202 903
150 735
43 264
704 866
447 823
168 671
82 558
531 548
290 729
282 571
131 548
512 808
705 767
226 301
412 955
12 435
53 276
114 723
574 916
547 628
407 433
252 819
147 780
312 357
291 848
162 638
315 348
520 593
90 709
275 486
330 755
247 401
778 969
284 366
305 334
614 763
381 856
32 876
378 556
71 443
2 890
126 298
358 470
40 104
272 341
46 911
505 671
890 950
816 926
521 541
580 852
338 583
279 640
596 932
30 434
516 715
8 708
171 475
470 644
778 844
328 642
345 494
131 526
180 819
697 755
400 835
136 346
272 786
81 262
373 742
59 437
164 228
565 831
292 397
7 639
77 449
57 509
424 843
273 636
454 718
202 911
456 948
19 859
259 921
145 278
452 857
371 724
495 563
226 372
776 968
498 955
456 999
538 692
738 834
89 238
79 800
546 833
33 137
141 839
255 757
543 747
93 987
224 427
773 897
151 214
101 476
479 741
462 634
139 586
582 769
342 589
311 793
660 928
128 648
122 556
815 915
339 848
219 510
145 163
104 498
422 805
383 432
189 844
68 754
18 550
747 910
301 652
642 850
16 407
361 747
455 463
118 725
123 930
454 844
446 736
225 930
288 569
372 912
10 706
210 293
165 704
396 711
543 975
806 836
655 974
175 732
373 491
266 562
739 763
85 716
94 725
215 982
74 794
681 867
246 695
6 236
187 990
27 964
235 497
149 800
482 726
772 861
606 972
418 466
518 641
109 918
583 990
141 215
571 745
179 462
9 516
105 919
158 619
500 955
663 944
140 302
176 626
483 924
28 294
630 764
621 962
45 187
452 609
326 894
123 784
233 681
20 83
365 451
218 314
222 970
47 190
461 710
667 829
480 731
804 957
144 638
678 748
399 920
813 814
182 283
57 714
625 801
259 797
96 256
575 624
154 256
287 597
452 526
258 706
23 889
457 509
428 772
28 636
615 983
594 700
622 767
346 511
627 935
213 612
11 136
701 941
99 824
200 814
86 385
315 597
93 689
557 702
41 922
598 742
366 745
245 513
76 194
146 685
484 555
825 998
260 393
486 954
675 880
231 274
713 996
308 410
523 550
355 415
322 840
685 964
393 948
166 756
413 931
223 913
390 934
306 415
761 861
57 316
49 153
829 941
135 495
309 929
539 756
488 620
858 908
473 922
490 586
341 413
117 967
399 611
788 860
520 709
284 521
445 801
532 984
38 364
335 810
739 884
427 535
824 931
24 425
637 993
177 384
715 974
199 386
628 862
177 716
18 682
11 979
121 852
97 785
52 211
289 807
305 665
938 997
344 464
42 288
291 866
295 499
429 754
796 918
551 614
394 651
675 798
782 903
281 309
63 688
280 441
323 942
8 579
69 88
123 349
671 957
398 768
198 901
392 904
71 150
25 205
397 963
662 698
631 833
590 851
172 467
118 888
403 527
100 340
274 319
723 851
695 790
97 294
348 958
631 965
497 836
202 299
646 841
396 821
702 930
167 375
285 676
302 608
542 925
728 848
324 530
113 198
438 942
440 910
217 279
208 211
433 628
19 668
34 270
288 987
775 883
563 936
8 513
393 914
735 949
16 756
176 535
120 184
91 159
564 846
506 538
160 444
459 722
98 984
540 546
337 451
26 134
215 229
189 929
156 720
605 732
70 321
624 976
349 680
61 304
475 656
22 447
253 423
414 753
260 883
207 485
726 842
384 912
103 958
48 545
127 893
609 978
142 875
959 978
261 670
78 468
164 777
553 650
544 749
605 633
408 603
471 668
369 503
807 825
484 710
664 837
9 530
269 771
478 993
529 664
566 731
287 450
95 404
501 813
303 323
318 802
657 818
779 971
388 523
154 234
749 985
72 272
328 782
255 610
307 972
730 847
256 825
227 995
569 574
633 851
650 757
2 1000
79 186
86 942
350 676
513 886
119 832
87 129
501 953
35 153
265 395
648 899
650 781
406 977
51 481
374 722
368 996
759 960
70 766
179 690
572 622
257 748
406 895
32 845
66 627
153 591
227 743
552 611
46 961
95 882
136 691
483 683
12 62
589 658
368 952
276 554
643 703
921 966
85 926
41 157
112 369
36 510
216 733
553 659
251 672
420 595
265 735
161 240
240 530
363 894
44 100
24 56
482 811
79 865
356 804
368 765
560 768
96 405
54 592
395 966
185 312
658 846
620 869
72 375
182 634
584 741
117 313
674 967
203 821
459 613
552 835
649 792
456 989
286 313
63 115
182 625
504 733
788 902
439 847
517 997
36 45
126 522
241 661
50 960
130 917
3 402
506 637
632 720
379 743
124 896
424 567
27 585
105 214
787 871
519 738
560 720
788 908
549 958
116 795
733 864
286 370
659 855
56 133
219 603
216 697
416 535
693 772
460 679
221 666
197 653
623 758
475 996
409 834
385 892
416 439
304 425
923 932
726 954
201 693
21 152
12 24
319 985
144 596
959 965
275 749
336 524
25 262
494 810
230 947
36 673
656 867
17 578
347 923
15 593
559 629
47 155
295 682
474 519
39 382
223 835
65 709
329 489
299 830
281 512
148 575
21 121
433 615
142 833
98 232
86 729
209 637
244 314
169 522
300 872
514 744
237 243
260 362
254 318
52 627
39 97
171 882
201 320
651 932
438 793
13 270
212 828
928 987
502 770
127 158
488 650
439 570
319 737
655 683
228 992
111 797
243 980
570 727
101 568
203 887
726 950
89 812
217 253
138 458
406 940
367 792
82 606
558 779
140 321
193 199
191 371
342 870
602 721
179 815
49 91
313 607
160 895
35 588
426 458
116 244
214 901
80 809
799 966
59 166
457 479
302 944
461 653
5 320
118 149
448 500
115 537
65 727
128 178
81 534
188 409
55 707
352 694
53 982
230 610
91 289
61 191
133 409
178 360
242 554
577 790
577 1000
496 734
569 820
487 894
481 570
88 820
353 991
573 945
75 193
360 601
78 195
350 680
173 334
22 958
206 816
866 976
550 773
664 746
292 821
678 936
30 752
69 582
766 818
431 685
309 618
3 192
125 721
186 410
245 492
736 849
181 662
533 617
54 995
465 874
585 898
718 986
611 992
257 259
46 828
345 390
421 645
33 414
111 267
234 857
96 938
67 229
377 504
102 646
458 541
44 675
808 885
493 712
152 780
331 444
236 383
796 917
220 588
263 645
73 587
87 207
221 477
472 715
83 285
442 556
367 540
250 836
184 889
476 794
382 769
147 155
363 927
156 873
398 441
236 578
321 981
303 400
878 893
443 694
50 538
213 371
209 572
18 854
132 881
489 711
103 590
67 392
177 935
29 878
31 753
23 463
770 798
68 490
6 359
222 337
92 639
141 827
73 830
453 891
183 627
137 152
769 812
267 466
588 674
927 947
261 450
157 878
34 196
487 877
102 502
34 946
854 964
621 657
603 740
701 973
545 601
191 783
253 429
135 644
332 377
64 332
161 300
730 981
677 760
402 989
208 953
60 337
78 196
76 752
110 487
632 891
740 776
7 909
446 887
750 931
192 804
83 667
765 915
192 492
457 712
640 933
422 787
248 904
148 345
365 969
868 946
644 939
26 365
401 514
251 736
612 999
204 584
273 613
185 791
357 913
60 443
654 953
235 665
87 143
75 173
261 902
700 789
244 542
80 884
469 870
376 616
803 935
645 817
759 889
364 801
424 907
44 491
684 949
17 629
613 822
194 744
293 774
55 924
414 606
647 673
250 845
258 308
431 580
426 905
584 641
515 751
488 581
378 440
642 837
45 986
249 419
163 864
460 874
125 699
687 957
366 390
527 795
677 943
398 717
135 853
374 895
221 777
422 945
566 868
551 842
325 508
20 243
508 832
249 555
421 988
119 937
