1000
-53360181 65373313
-49611317 -25966808
53526215 -16905664
-92930189 -52327946
73285953 -97869002
53391764 -9205912
79399574 -85730326
46238012 -25954090
50246558 54675858
-18252229 59179285
-92653400 -42977677
-76668389 -34161635
59406494 -37254949
-5825289 -48028774
75615702 -43307429
-11168733 -61543337
32709673 -20031217
-63671810 -11777136
-19179652 29520931
73081651 96706858
-56281840 -81181328
-80428048 -88544625
-58072099 -60335059
-68391941 92180318
-33194150 -50486824
-98185693 61051550
-52091682 26034036
62016692 -38821332
94477604 -18220867
-4837313 -86890592
-69277042 -38653237
-83018594 75315709
97310913 33302879
7450527 -49184346
40161474 70104280
2594973 -48661116
16347205 -83584299
789504 -42001828
-83155444 -55454311
47437474 85743490
59937141 -41216593
79147620 8761920
97703367 -97873059
-46356546 50103346
-93210120 -42055060
-11109915 33931613
63307218 -68618580
26050524 72639540
-49150356 -56267536
68299138 -64700196
28252811 43509098
39435374 -20591079
13191199 794043
55080020 8943735
84202997 18852647
-53851997 -3222095
-87075057 45469484
-34742287 62211080
-57787038 -47597198
47092878 -11439560
-58508741 23965853
34705390 -54816385
-4843831 12286301
-81883457 -50096214
-36150654 -82853307
-17726600 -64447996
628652 -65767183
64211146 -39651833
-64875816 53056696
-67851276 -65329005
7322428 56639353
-22499170 -32095258
10628609 4966808
78191483 -75647824
-47579223 35583074
-42065588 4754069
50887250 66153730
-46230805 28669971
68305870 50868162
-73351573 -14573476
-4328234 -25724754
3773050 51838023
-6017447 -64859302
38953077 41308287
4070238 47403377
-82235858 90153315
41969672 56317352
90973577 -58354582
97309803 -99812186
-62781207 53982075
-13586727 -14705140
5903678 10199686
-92093054 -52575059
-53329237 83855979
-99395631 92857420
-42723143 -25549971
60301036 85131608
86726915 -58185220
97659765 45556240
60184165 40413528
-73257966 -51496694
-52981117 -36606998
22630435 -23213689
19064107 91311150
21856953 -47329231
-30073693 36742366
-706267 14809227
40843993 -73967963
6900734 -69319050
-62072849 -82680905
-90793376 44230324
38695455 -92226704
-16415647 -736292
62903195 -84741205
-74580043 -71349563
-96013991 65749116
-61524811 -93019319
23235233 -17105001
43800172 -51640600
-7990154 -37932098
27329598 42117807
-65528465 -72283143
73602257 -28308614
-80032197 -33052370
467580 -60330089
21097250 -24851227
24521819 -840749
-97854520 -46315970
42723587 81691960
-91349035 -58544451
-70918125 -26979488
99622791 -93766900
62570266 -40354070
39894423 -43930265
-10176065 64762127
81540848 -65075782
-4870607 -63219199
98132922 27592018
-70655826 -11870848
54626442 53242544
-54507432 83613884
92450814 -48206095
10023728 39339494
81953845 -56019644
32254156 61136789
89290213 35809383
83423392 -21488350
-78494358 -43082311
-28490868 82513404
-78765225 -61571815
-34955645 -2540821
-21305174 50127986
-64165516 -26288429
-34157428 54612901
50042974 -17215701
-41647580 -46758132
-76029419 47492421
70778501 -16217296
33703290 -33870006
-85267546 -84966168
89106079 81915573
47204550 -91426198
25458802 67633685
63258050 85513005
-25742870 -28318332
-88236195 5546341
-85403420 -25764563
-82637546 65847758
-86893210 55893268
28305425 52672500
26187299 -89601616
49155875 -34420259
-75117249 -93839811
78128038 51244837
-86693088 -9281278
-87716897 90036345
-32990544 92732368
-6768623 12721523
-43808032 36083781
64481739 -93494811
-48204855 -44158138
-68880081 -78455602
71942352 11396189
-68994775 34631465
58994377 66416370
42215214 11300328
93322996 -52775297
-82195311 -3817815
84056357 -24347269
-17288209 -88390178
-2808875 -16470404
83689913 -74803311
7635207 26667026
90120964 -38512955
30495725 19860017
-11883970 -72377716
15220107 92924250
-80963185 -7235508
-55580830 -31698333
-27875284 40641551
-74623901 82057153
-21225115 19880957
-33572056 -14531341
55375366 -27255819
22787313 78682113
-42482685 -82585504
-62821586 47119502
49013082 -39833098
41645948 30467262
-74370984 -70630913
-14123167 71767876
-26992864 2177341
82759251 -80654258
-36142800 30529779
98911435 27505528
94691391 -9842672
32164597 -68414499
-55925469 85055504
-10933905 74139227
49427034 81141917
2948783 -37129778
-68646381 -33160303
53947876 79992382
-23681370 -90225852
-82427066 -86562389
32639565 24452889
4410130 39333063
-59500569 58882888
11178729 -19488076
-11005375 8561683
35020099 31664293
-25336291 15449200
-76330660 65805075
-18228235 -34229059
-55294802 72795605
24572723 62213788
73219645 -63099071
82355657 24366137
89341624 -27885553
67705498 -54954962
28000836 34590949
-87403680 -99529671
-79643042 -15614161
-15578014 -88256364
-37518171 -63620908
-17578171 28420752
25445501 -10084686
43610875 -12339615
45559949 -67629208
-81401336 46665342
-79340616 16215350
-14505865 9639653
-58802278 82397583
63163859 -56218798
90198621 48355270
83798424 23628437
85078725 -74823595
45188143 -52097403
59923279 -50860595
40421621 -34973251
13552230 -15263398
64193183 89031292
-22978621 -651965
74085499 23787184
-10837111 25546707
-26954045 -84452660
88952249 -54389585
41709672 -84253571
-77430724 -26777553
84626713 36410400
33027710 39567267
53314956 -58140851
-29439482 11003214
-62740327 98410466
-84189681 -15516308
-32759542 -30835732
-50690571 54956042
76097498 -17452399
-2728649 -68116338
74436597 66706305
-40815445 -30219672
46186193 17224406
12004768 77642867
36841459 -89948402
74451315 46565771
92603933 -31428236
-87073842 67149947
-92224447 39849832
94857450 44695282
66294474 54302663
-72027058 30086401
34135268 89774599
-72183243 53508546
-58530652 -49438876
71173461 54333120
-50624040 -89499205
92387599 74051106
-561525 10678496
61688054 -66095482
94453457 -19290165
-21368251 63489542
88648167 399615
-53788868 19071212
-49431771 -6064960
-84165601 44065249
57858179 30650693
56726184 12673520
90821700 -3107115
88322945 32754916
41518116 -14060110
-80787953 -78892517
-60014860 -72675723
-53690752 -72003956
53964284 52093961
50217607 46431874
50023638 -36676415
-4749005 26130874
46922595 -46792191
-42194672 93570023
53943654 45361728
-6318159 -93969344
82166677 81641091
-97451705 -61794218
-70517993 5809904
2747685 40769128
-21643677 -24242118
17545910 -11934889
77793902 -99033427
66612652 -12392088
34604848 55074236
64643399 -94633708
-52179727 -96638493
-40814393 -11723698
10912873 62766437
-8361664 -15447816
-3260923 74982108
-83066866 -87751878
-69892477 13728216
-71772640 -46466539
-36239496 -84653296
8412318 67355505
-42173333 -99346476
-11605577 -57647604
-61251499 91083432
-46254689 1996036
15202805 33271457
-27792300 2132323
-22754909 97962575
-72985739 85244596
81052607 87937653
2904906 -60955612
66136077 -14833786
-9636367 82677180
99490427 -91069475
54755719 -45122475
-6750653 -47122254
91594078 -21356184
-93916959 94506445
30852382 -53457509
-55148187 -48445288
27169780 -95250299
-67594952 65764881
-62926090 88739369
-67271042 4300016
43384735 38926140
84786862 -99645651
-61212266 60225331
-25213135 51305825
40698886 58975688
-8742541 -65332712
-72480866 99272630
87144277 -12712581
-66270548 -6672356
66990873 58532695
-4085662 -64508518
-48905504 17628696
-13047503 37900040
-3179616 -28594801
71470220 24693348
-19206 73100901
-23148941 93150379
-28442577 -99228362
-66635548 66942259
-81520668 -8273443
-22881304 64170922
-30168394 -2156096
-22237954 59006089
-33691001 -9953733
-88570441 98019475
-66926291 30983599
80927591 -98598041
22426940 23003952
47100471 -46794417
52240201 63696723
-19695956 -33123111
-4758047 18537966
-2063429 33675295
-24680045 -72415712
62467928 55425683
76245833 -3063834
-80243541 -1454981
-74364222 -81102372
-81366678 3595565
-30074029 -47133371
19778816 -31543343
-41142471 10309951
-88666234 34840304
-8963696 47633437
81663667 -40765990
-5157464 67182140
67705398 57706756
43706190 -64694835
52391795 -3307558
22669206 24399599
-67085977 1486856
-88440261 -4754652
56197435 -26058896
40291236 75726609
60379334 3187267
-39945535 79388707
84485443 73785247
56342503 13551502
77762043 -89626917
-16498023 -44147191
98945500 -96011391
-36053007 90561834
-17857189 11619904
-77650276 91273961
31502433 -71518117
42707120 66194768
-52882807 15770885
57661927 27993670
-58761028 96563622
-84542965 78638980
-75199075 -97648569
-61038334 85671193
-35584603 11159956
-41920525 -21539852
72331926 -78128806
62209067 -33427094
-94053373 10950118
-42495956 27474988
-92680623 -58564101
95010644 11358544
-2057361 20292702
-81814504 -76920992
40459929 48555219
-54331126 33061169
-74749556 -90451698
-61475743 -3666788
9362793 30722758
74480348 99682375
-52054544 6666609
-36879058 -13138769
58671801 96954937
-92935509 -79517295
-69505965 -27115542
13582599 -25725944
-34504784 -77681932
-32548577 10642209
62425900 60143500
-92067981 95916502
41545588 91515632
-44331950 40526454
-22833830 -72580097
-27169335 -38972310
-97216101 -45571728
51664544 -1331221
-15776072 -87328367
34293042 -67818375
45224512 28687592
-23912826 -44288431
21004471 -37859003
-61600430 -860266
-21810175 -99489629
-79567158 4331717
-24741017 28391937
-71327758 -71951038
15536291 -59111351
-81591186 -15946554
-47007971 -63055713
-42103297 13244556
48165838 -1583847
4730614 34804080
-19207860 -2956853
13638994 -12129954
80803687 -96495
11904640 -99929950
19409387 -78111997
-44243974 -42888911
-48457704 -68272518
-74962629 -49283441
71351109 90861164
-91150353 15324010
93049664 89564236
-88719142 -82318919
74386465 37890747
-57445846 -72298483
21623982 -6163691
16677220 581267
-46417572 -9036205
906889 -29763922
-83504632 -53704966
49246183 -51594842
-92613381 62981750
36599016 -54736278
-83769760 -27783620
-62521487 -17390779
77453005 -93222433
-30234989 -74011596
47238977 -53151608
39062163 30349608
-8146366 -16078069
75585960 -95231201
27858343 35185422
79790648 -94425043
56864669 75243304
-19281247 31294101
65051097 -44853765
34676534 -42239787
44375559 -40682107
61670787 -76322342
-85933661 -26429761
7108265 34198487
11370843 -10740223
-29382743 61749907
-52755480 48855720
1554311 98405818
10785446 -92455468
-19371457 -10744090
-39579740 10619828
-49992131 57007641
-54365376 83480931
73195228 97951085
-85465743 -33065087
-10622872 61770662
56560781 71944356
-1177225 -69328706
-11293266 -6150376
80279351 71327562
-74512033 -97270516
-34008270 -84590929
-44115130 4860477
-51624720 98885357
79756195 30246614
-84328134 -75971378
43424447 -21368119
82828821 -91149863
-66696163 24382216
-72429634 13115921
-37763538 69757354
20861855 -59918539
-65525688 -4900342
99913788 86317355
-91785873 -76240185
46623308 56888851
59310533 12716838
-66611531 2574591
-31249997 -48314754
-94730549 -70345926
-90790356 -1410586
-33171686 16184962
24720991 88354797
-67574431 91061611
56948680 7993802
75731833 2793287
-50080000 -8196435
-21233653 36762270
-5871550 21639397
-94924320 -73615405
42253950 -40763568
67356524 -48447664
91813602 69087949
-20977361 -90074542
-8245481 -20676072
-59029403 18959753
-71988120 6865812
63467091 45029798
1009062 -32344948
19968600 -74810719
23878707 -92482415
-6864431 -45049949
-56891239 -57056510
60906984 10760301
45970585 29015144
61040815 26483642
-15861759 46746455
-90668072 -86847919
-83071273 49284054
-89171546 -34763036
39683689 13121285
-25115920 25181342
-79438098 83191245
-15500792 -2048457
-95524511 -84144491
93083908 -30803386
-10802893 -82984690
-65836564 10716228
-59924934 34945256
78150920 -12898537
-94461580 56227865
-78574513 41879516
42884207 82329279
13433576 57670450
76563913 951090
-96403842 -58559025
-56782796 -56250446
89772968 30962970
-23788234 27758007
-88249389 65576480
21944213 58610933
-25180924 -50719439
80169631 -5440225
27929721 -59172563
22807154 73758531
-12750389 46628429
62348752 26705219
-81151184 -33017484
99361572 -21757738
-4241546 -40011631
13210462 -49946650
23463164 -86060161
74446521 -58315832
96354982 -16241050
-81241529 -27767806
-84289729 40622326
-42327161 -10778959
-85926583 -75734540
-52854829 -6546696
-76791241 -89342482
64769010 74279556
20705650 75397591
-78564113 -57714989
-8569656 84641600
-59070609 56196328
10451639 -7272971
54645615 -28229249
32428724 27209765
42527438 -47122770
28705545 -56125823
-15672330 48119849
-33665621 -44781041
33525070 -87658082
-96323688 17933474
53935658 -10058797
-87091379 -44898155
66464431 68126980
-97389246 -10019090
84987592 92687322
87108721 69052049
-1006511 11482932
-5289928 28917790
13389391 -93904581
-27711077 82145279
-11634573 70607951
-99756583 94776229
-37842665 87634842
13023644 43814368
-63037409 11021264
86951581 -81488408
86927574 70021491
-48541180 99247065
-17100969 -8297344
25955092 87604944
4793849 7260315
99906547 -60374186
44242111 -77062996
-28100425 73911196
-56339946 -60156513
-95420801 67650944
17912505 95841546
39501574 49637994
72009813 48664166
62881565 36980848
84651264 87586217
-36366063 12373962
-15374733 50314199
52928855 -65537900
97215664 -1289902
-60680774 21255930
-81157782 5241871
51346193 50821389
3350789 -70109585
84507943 41846395
-72360157 63821989
74675170 93467598
-75086757 -11687756
5571320 46356290
34698319 74104045
46231166 91196115
-75087329 90971542
-92689470 92045375
-69334077 51489257
-29494637 95390457
-11761694 18099542
57283204 48335344
22729401 84602593
-44696450 -37996746
82904293 9560764
-72532940 57116241
25248607 82330615
-62431690 9306352
58381477 20406270
32936443 70131101
-88458765 -79357583
-65020895 -33302056
76286444 -76192966
-44991632 77739925
-38013093 -87580330
65349775 4777407
32496749 -13213674
-24026214 529061
-61711061 74409215
66289547 -42961162
-54559259 12567658
-53458526 -30713772
20599136 -75074791
76319643 14033966
87447778 -8511356
-99375815 -71906805
56572305 -79572325
-28617019 -18085246
15724907 44539385
-52416668 64199909
9031769 45383702
-74359673 -53626224
44763129 13365452
92593884 173261
-67135108 -87608853
68253030 -68468397
-3830105 -79362933
19371923 23591690
91587845 21459481
-9394563 40611748
38622737 12596129
-95160776 71571551
-21370031 77659477
-62917198 26195851
5603296 -21105927
-13771619 -23697985
-21883104 -25290407
78639234 -65064072
-81272718 -54178694
75792716 -64833888
-49387893 75587421
76217797 -54996081
58496099 -66096091
80684226 -61767554
1458313 -12117002
-75627992 9743058
90782911 -36919813
1008261 -27195032
-50997358 14013387
73549178 -37092430
90741110 -69847939
82279423 85172255
-95001955 -76684725
-68343044 -19118940
-56319803 -93616609
68428602 -2363536
6046509 12952271
52665701 -7193835
81677860 95341974
-95124492 40001443
-58349026 -94756009
43916824 -74371183
72145702 -728976
-74459538 82790193
-70574837 88387954
70259792 -8821483
-38174151 60633723
-89121520 -56563048
74397418 2969323
-48108480 58926258
702508 90973460
-30873747 44350123
85608639 -87568003
-72646004 40294338
-69535168 -40915426
-28339271 30823383
-42198747 36612384
-27366969 44766142
18549051 -1079191
80335567 89442918
94591789 -41467587
-41620160 -85361222
16949944 30957706
79857157 79322291
22271178 23397283
-65586079 -94838402
-50964622 -29920838
88172102 92222192
46949614 -73258474
5706233 -13506673
1357075 -76402540
98841255 -60954046
90431109 32173694
47787407 27525908
93047803 3134817
-15045528 41764397
-7279217 6574291
-31496511 -82807237
-41806766 -88601507
50225465 -86762299
99757216 45452892
-78166098 1820062
-80005088 98034334
90974194 96591893
86329060 86366062
11350005 84411812
-71571583 -49934382
-7860004 -63958414
14942787 29967229
53187106 13536672
90758790 -12641226
-75368055 -95049549
-4037057 82731630
-55588946 -29819055
-24997162 14202918
-60496315 25863115
-67486266 -1581106
74891731 -94585781
-50693842 51362125
84511462 -91663824
98551496 33933196
-16560088 -48586895
-30514957 -23981092
98632552 92367455
-14528939 82450556
-13237716 2855638
-46462637 68262399
-58248905 -94197521
-84095030 89723746
43089360 -3087349
-75494330 -99735160
-31210335 64530486
44181694 -18384599
76814325 96487354
-60004034 85010058
-74245319 -98165758
63367201 28414683
-4674439 -14167442
-50902031 13470285
77603615 98453195
-18466826 32833123
64840003 -73454150
67767691 57497834
53129647 -92255690
-13598791 29410503
-8398070 14895396
-96388919 -24567903
-64150335 49374907
-6708552 -71814688
-9319201 77613382
-23052065 92453248
-56662984 -25791748
-59991628 53651686
76848218 61440757
-84873180 26088959
98706 51302995
21411136 -83665521
-92205433 -67314070
-83679529 80281032
-45191124 55847006
25935150 59692717
-24081930 72866071
441891 70571664
25588690 -32920620
46068040 -5195590
-71143335 -27951580
62986795 -46299743
44511684 11651400
53390343 -75154859
12181206 -64766990
12856021 -5847402
62548279 -69539184
-76328466 -74273802
75444209 71868575
-62249358 68300913
41445518 -64460461
-59474047 85087190
69715367 -47214256
98721534 56802225
-24106639 -57703366
-55917274 97471768
-7738829 35928035
-32841071 -23539544
-68735456 1435538
-1088750 4566042
-84940029 -41850886
64219911 20507390
90140 10768011
12282640 -76142330
-57718588 -3924611
-20774923 -53998119
-77959605 98738300
-12861905 -76176283
-10745609 -12340104
79316608 -53267729
23762137 32588706
48852133 61673538
-51254078 -17193466
-83432760 -54274971
16247561 6285360
45308855 41175891
68030882 46664234
-35508396 -16637304
-24097180 63937938
12230662 48759702
-90687938 -41897841
-12030062 27495824
90350059 7300692
-4257522 63507963
35865733 54335938
-8058762 -39128975
7321275 -14375564
97727487 -26901009
37867600 60803622
28087550 22171892
-23343530 -72805208
16539315 -72059050
83179334 69234635
-4844942 -85711720
-80869629 41849755
64667237 -4475789
53868702 42236013
-88277488 30206945
-70487095 66935422
-99067685 50194261
-21434131 -7591716
-6925377 -86446226
-68514592 47620888
-52233751 -42835091
37384434 -68567354
78867641 95742968
29416594 -18937143
55503419 59360451
-46101320 6775524
44250585 76516747
37573508 58794565
-7720666 18998988
-15691665 -76227227
24990837 -34291382
-74292806 -89087855
-71643286 -12527080
52382684 -7793105
-76962489 85619908
-52106313 53208641
77236833 -7202972
28358019 51316703
-8444372 -30987007
58081208 -50707719
23604601 44912515
17759004 -36544610
-12446013 88039350
96689711 66539178
-22729691 89015419
-66342735 63670659
62927095 -4659667
-6001982 37483965
8158114 79255932
-72530739 -42545818
12688466 -99062400
-70889325 -48588443
-64553550 -85801135
41530079 5187867
18253911 90646118
-18560720 -2363095
23360372 -12428736
-98519925 23475373
-67509874 -764044
37573112 -79121950
-7669931 -62541049
-58961148 7563500
-35189013 62097277
76186441 31766941
57162863 -67348910
-23206568 -48399317
-60478613 71026827
27930316 -63229726
38678831 33206223
47701891 96913742
73117094 64577347
50853913 -8348072
80591573 -45460856
-73002681 90370311
86817409 -10208644
43433195 87589500
-71010205 84099748
18046461 23537175
85940284 -42494500
-64027728 83771283
12278308 17359959
-68800800 -17572483
-11737550 -72327427
-95213734 -98862101
-65286330 40830692
70585358 -67913676
-2010963 84089906
93539818 98848030
196 995
318 393
141 533
411 847
392 789
58 975
839 881
753 843
465 920
765 832
503 903
241 515
129 603
298 892
762 946
335 513
580 717
381 855
115 210
201 768
138 215
435 541
286 596
212 347
583 607
471 585
821 971
167 523
149 654
4 93
485 968
298 651
541 840
514 822
244 469
307 422
128 467
650 661
131 870
6 645
104 967
29 300
326 741
11 45
414 789
374 411
94 533
124 618
477 609
180 331
488 963
198 384
30 923
591 735
139 945
415 558
47 876
120 915
39 903
666 796
204 637
436 839
173 816
385 908
20 534
232 819
14 356
140 314
586 617
732 990
130 443
566 773
225 337
170 950
608 797
24 564
587 641
192 257
33 825
398 920
131 457
812 973
449 944
437 676
563 664
447 672
204 417
330 914
119 258
868 943
1 724
811 964
137 375
362 383
263 712
406 531
113 594
758 994
546 628
238 256
946 984
28 133
370 812
415 888
301 385
403 681
404 559
350 784
51 121
179 781
190 244
194 751
727 872
6 946
518 845
23 669
925 959
548 824
19 518
333 627
68 133
65 340
324 577
719 987
659 702
747 977
85 688
476 681
794 916
234 395
364 558
259 952
434 863
199 818
62 506
86 833
373 553
19 246
95 656
83 375
287 610
279 538
63 178
243 480
43 89
74 707
59 294
617 841
116 670
835 840
759 832
566 605
141 218
918 940
83 812
76 543
675 809
356 582
54 565
99 805
413 468
838 844
521 571
30 931
452 534
743 903
807 896
277 532
691 986
228 367
838 935
309 797
227 325
217 470
641 677
311 446
304 567
340 542
353 634
43 425
787 813
11 910
103 126
277 948
519 714
412 880
31 779
349 989
265 911
69 90
415 971
602 924
339 964
101 811
258 511
716 818
186 872
449 630
823 948
358 462
886 960
132 425
585 798
827 887
541 816
730 998
101 726
172 316
817 999
362 958
738 820
484 524
849 911
329 352
500 783
280 983
125 351
519 871
372 987
557 584
507 625
504 511
507 523
502 752
380 867
431 753
428 691
502 579
307 557
209 512
312 498
338 550
716 791
207 852
509 516
275 480
486 525
572 882
306 432
615 632
80 945
446 546
532 774
113 968
132 354
635 857
224 574
248 310
667 766
178 850
228 635
29 624
509 514
211 655
61 820
358 692
22 337
92 761
543 938
226 638
264 379
41 133
59 360
253 881
101 492
636 875
658 723
77 394
90 857
450 474
598 659
576 680
897 942
763 935
317 652
742 744
203 907
349 768
236 865
476 806
344 363
512 981
592 609
346 787
136 742
288 764
732 789
206 786
314 682
25 559
147 189
99 289
112 284
87 369
365 905
191 842
496 705
529 653
130 772
97 164
433 885
72 395
728 799
47 299
396 941
135 536
350 756
13 28
612 978
188 401
570 757
547 837
437 460
542 802
406 482
81 378
108 766
237 744
544 662
250 589
587 616
186 591
362 928
320 926
273 460
369 940
769 986
261 486
247 969
92 665
614 640
583 669
729 965
622 861
422 814
328 391
217 429
470 934
299 747
146 309
649 792
285 673
396 445
569 941
567 629
766 793
57 305
527 823
786 803
555 757
879 979
160 225
489 717
322 788
560 570
115 478
517 537
208 316
771 975
526 836
530 663
195 919
107 651
452 844
80 687
675 756
697 701
212 712
323 606
115 877
173 449
779 962
808 1000
136 748
613 949
303 431
340 709
359 640
426 657
48 615
305 626
855 957
593 947
17 936
249 412
56 629
456 555
61 680
117 832
293 693
53 500
3 155
5 514
473 954
468 483
290 847
300 357
776 782
322 756
12 124
436 992
746 899
218 881
345 543
540 922
324 364
525 636
203 454
688 725
60 248
713 979
219 655
363 436
423 509
20 686
372 815
431 715
293 700
222 706
188 198
685 928
626 924
176 833
109 683
16 973
164 262
834 869
32 434
531 676
230 252
171 581
91 898
432 586
82 860
443 606
22 630
308 728
646 890
336 380
69 852
177 426
501 567
623 746
450 894
313 498
530 930
50 730
768 947
410 913
197 967
250 305
75 179
144 899
661 922
219 854
42 699
279 375
553 821
150 633
315 320
401 806
545 976
702 974
205 632
252 427
413 762
335 842
68 714
327 486
335 898
408 616
46 886
620 915
57 111
16 343
63 651
78 442
196 897
709 803
670 736
56 894
269 625
560 862
394 901
134 571
302 728
693 932
64 503
349 769
197 671
231 981
79 290
110 965
290 399
10 387
67 538
339 962
209 471
366 391
9 682
564 769
400 605
284 643
418 939
190 574
614 980
760 767
52 547
535 590
54 307
389 462
152 368
62 359
416 561
96 438
246 849
282 727
611 865
134 639
695 941
451 524
668 866
200 782
850 941
181 490
818 856
472 978
283 961
483 869
376 753
2 791
333 454
549 738
184 390
79 906
230 801
493 686
58 836
7 423
450 553
777 824
181 933
774 864
649 763
9 556
563 697
88 98
378 502
400 949
519 572
522 846
213 660
559 642
658 725
361 581
79 673
760 925
535 618
391 516
767 773
477 780
689 704
160 496
377 800
463 988
100 674
487 605
116 505
274 433
177 694
580 921
98 267
205 701
439 707
318 639
193 451
40 988
46 377
263 485
628 705
233 685
424 826
82 85
501 627
117 790
633 743
464 781
516 548
171 622
749 794
320 696
106 200
456 705
421 661
79 295
388 454
44 823
544 885
315 682
846 876
227 484
377 734
690 988
301 387
383 879
538 683
513 575
678 977
111 288
409 991
168 287
317 569
577 750
550 750
407 927
725 909
142 187
121 953
187 267
156 490
220 223
35 430
118 969
646 910
241 900
87 556
119 639
146 270
852 932
573 650
240 254
208 521
399 461
86 428
13 440
239 596
330 940
570 720
55 256
113 830
151 386
568 845
409 985
216 815
348 381
266 802
158 352
229 261
578 906
679 728
175 416
540 878
60 984
858 983
34 36
708 745
53 73
353 829
347 386
165 741
490 698
634 817
496 588
19 609
237 623
47 730
799 912
562 676
93 772
72 165
884 895
278 600
297 573
40 220
84 365
48 163
96 281
587 800
338 598
853 995
37 861
195 226
353 854
505 610
310 837
329 770
183 718
649 675
332 759
485 930
593 863
231 638
634 955
46 849
221 579
50 237
26 116
291 390
792 808
363 564
597 931
653 963
419 710
334 341
98 144
303 576
161 809
11 467
441 494
618 625
280 878
175 384
556 901
603 988
456 595
420 708
67 351
38 221
859 927
473 943
194 785
176 692
8 547
479 552
143 658
405 954
129 939
619 917
153 457
38 620
481 491
15 985
394 937
65 459
279 853
157 250
270 684
525 916
721 873
80 994
158 278
273 819
247 499
235 979
397 960
134 520
163 236
612 895
300 619
259 871
573 956
371 896
737 866
122 312
31 222
102 199
495 792
162 804
74 192
135 410
223 517
143 227
145 918
35 418
459 510
451 813
76 406
100 578
582 620
334 604
500 904
526 908
392 919
95 358
18 373
18 508
397 652
600 949
33 138
194 991
880 934
222 870
398 510
378 951
286 751
494 644
249 793
229 739
122 478
34 621
418 689
327 969
703 891
92 892
633 726
539 594
893 921
448 599
489 861
690 982
419 565
192 213
255 289
152 677
178 230
672 914
499 783
174 285
453 938
644 970
71 82
731 795
155 837
127 783
21 110
42 718
162 848
148 962
243 687
344 433
135 655
185 537
202 232
522 721
810 961
596 917
404 612
39 772
508 758
260 571
7 213
182 402
446 877
26 601
191 749
203 722
108 972
230 830
298 889
602 778
103 118
288 407
186 966
106 780
84 271
444 912
367 958
554 828
51 271
722 827
71 604
539 898
466 472
390 738
495 828
254 259
102 933
575 740
168 233
360 933
189 239
308 719
631 647
104 563
497 976
81 575
269 870
453 715
27 78
313 491
731 923
238 545
118 936
165 827
617 891
145 865
41 355
711 936
235 745
410 867
15 754
148 890
100 926
202 592
479 874
268 972
683 795
469 597
216 624
224 266
382 475
826 978
715 974
229 458
476 750
217 980
793 873
381 694
184 778
170 330
27 61
17 52
207 997
271 515
311 402
159 260
724 774
126 405
319 426
42 566
397 484
36 38
2 96
109 874
33 797
787 900
296 759
294 607
75 78
214 442
142 785
15 882
166 681
552 614
49 481
813 990
157 293
185 461
422 703
428 807
16 66
315 905
75 448
724 831
276 827
421 788
30 321
154 771
729 944
70 122
262 493
729 790
775 999
272 678
251 750
528 775
268 284
153 856
257 755
647 983
169 601
635 948
171 643
601 929
292 463
323 862
761 993
185 647
272 504
654 737
710 760
699 912
55 733
242 996
270 545
282 814
166 441
10 536
438 907
551 975
306 674
114 721
156 642
264 976
368 387
172 637
88 796
737 829
379 891
654 957
253 713
112 162
255 684
123 754
439 846
114 180
2 902
283 632
105 621
224 475
245 481
262 455
883 956
332 342
416 648
37 529
523 851
242 835
89 366
