1000
71983436 49044697
-69504855 -58790992
-87059508 -16767455
52835710 -90369115
77359132 -82405542
1804578 -92366213
-27444157 73243430
-21245981 -73739990
-21939143 -26002365
-95018539 -19921661
-96069913 -62243572
81286855 70133987
-50694454 -12170586
75280680 -23854059
57561821 -73496723
24263277 -18178637
21271204 73750777
-27750669 -5579637
16473066 94322203
-22130080 -59029913
-81461571 -2373233
50819948 -93271009
-95166647 -21355186
29320039 -98850833
-68056941 39238391
-79155090 -114935
95474499 85099946
20883718 -32870005
-56457849 -41412593
-73880149 -79540038
-76278846 60110946
-68972475 -70804579
54467736 -12228144
14562269 45172531
88458705 -93540427
41312725 87601107
94847643 26006532
60849718 -55975777
-98719397 -25354321
-79762306 29355550
-74970966 67707205
-29002871 16476348
-58133129 21354951
75239092 76220901
-2466677 -59953780
-56572043 -39643071
88031147 -98763198
-56446514 -45529107
82494745 776137
43365726 17363440
408837 10471799
-73301552 98023864
-52097261 42876541
-97066484 -185600
-70182187 -82391632
-15596940 -39399909
-77278081 -25515618
710231 -17670711
-80640338 -13739689
35978930 52363304
-27198383 -98246846
-66570058 93505286
45957917 97115638
-11100309 63277694
74748270 -44655486
67246005 -80016881
-40724656 -41775853
21351406 900387
39766329 48228409
75713949 -90973261
-25106921 12281543
46600127 20867998
81685579 38715076
-92066823 68011092
73871555 -90271880
72004959 -5793965
82088555 -5811556
-17755814 38530797
86211044 -68055940
-49460950 -64738746
16678843 -49129602
31102416 -37443766
85460807 71517456
41053348 49082626
-79917772 -74566722
-17589292 5159733
-88974203 90984812
-30853659 -69720687
-95383721 -75900193
-48581581 98259596
-12841644 -44652632
88342061 -43644764
81084412 -85165200
72949204 76466526
76103786 -43378494
26346791 42300609
-21832468 -71947542
2806446 97719898
5099054 56977305
35541377 -60438287
54941750 -78846521
-59097479 53413717
12208855 21204016
-18812009 -82936657
-78979987 47469862
-48450757 -15702496
33721163 9600191
-24113526 -59655131
-22285183 -52725054
-9371389 -91556043
-79175902 -49969831
91268661 -29344931
-22799748 -1744043
68881879 -2967451
95892942 70784783
39265118 75519830
10392136 -57567283
-14357268 -48953476
23680990 -68035632
16343003 62895560
-62470661 -67158996
89184016 -9911088
-60476977 -66920595
13735842 -61568449
10767322 -13253762
-94978181 -73512679
-14723759 -95689542
26325212 -59594910
47386396 5058639
11910657 93964350
23646888 68573608
-10027754 -64528910
-3243692 40386279
99986354 69251139
33112670 -43133170
82878336 79644813
-56723538 -34390409
-4354082 -12020320
6655101 -37195043
11254264 76564209
-10237120 -44723002
-65572886 19951034
-81483783 9040504
-66775916 -5982739
-80923687 8941581
-35683858 16091955
91199893 56765762
-14112133 -34850473
61241627 -629545
-60444756 7744829
67805124 29965221
-36521314 -66484209
-25040240 -26457604
-30869453 23644287
-69083022 -90650350
86082551 -2773795
-52668814 64808187
39541160 18080609
-89152590 54330572
78598167 -49659106
1230349 82324207
14468461 -36031416
-56408960 62910953
-42595878 -74918692
-96017970 -88768144
6384337 -53237571
75936344 -79228033
35309501 -92943031
83148294 27308296
66763118 55259856
-22031599 43656319
-98447948 79694644
-89046251 -73483030
48692706 38011659
-65425745 -74875392
-37656672 1689199
-24834578 -52576081
-9144962 36788799
18236363 91180989
1259789 2851917
-18528318 -7205989
84234214 -80713341
-15444854 -63965568
73604943 44781374
99444906 -4783203
-7192765 -96299085
-92903725 -91274404
29536250 4689454
50499231 99757406
-87316091 -79381006
-74783756 -55599196
-11074452 80082977
19727191 99591961
-44300437 -59574645
8402822 -66474740
-92517389 -3706775
67893417 83475702
-33988600 -31280987
4964738 -89542226
-95062310 -76004286
9792856 95413500
38672412 60205452
-29323023 76492189
-8382356 -84417874
82717641 93200123
-9129826 -58237538
-98461165 -84322503
70102527 72005538
-898047 -34811457
4722733 64487330
-2502289 82266364
-80463555 7206412
-4716067 5247479
-40998255 -27414627
-11386511 -5258104
-64822936 -35187304
-63081591 -1489727
-78158117 -76029024
54786176 -66598436
14561679 34609137
-24569019 81731433
97899014 -11445556
26084495 46701130
-40631021 -34617488
-6790382 -9900681
-83138619 -83684946
84176438 -60675460
-9232804 -26471779
-36863110 -30205255
-76981926 -66890820
-70546941 -65151047
-71444215 -76504070
9815723 45886770
69725883 57888078
84940939 86036839
45087882 77563334
-69578944 -99365145
87343055 -7406269
-3554165 -32532422
96115279 9003474
45593468 -40618394
-46393329 36795527
-86607154 84102453
59594858 -26594757
-23015891 35575851
70980709 4000831
85180809 49593385
-79164380 -78741041
-9888138 25045290
-1491246 90504578
49254115 -10222013
-66183081 77181726
-58175684 69126163
57758165 -67435953
33591151 -27252926
69456202 -71848066
46591710 -92273515
61181669 61036844
7025686 -65101137
17064377 -46396845
-86032003 61344385
-79103217 -92570153
90816810 50151913
-86302979 86499732
76094954 57915889
-94417909 68580707
-26901317 31842852
8390041 50659034
-95259751 -89939283
-75929411 12258466
-67340677 -85967496
21305174 -32017059
88597475 3936411
37298176 41271134
-15716978 -54191019
48522830 56603860
39516623 -27349438
30533189 -14813148
-59097557 21328933
78067862 -72713134
34057369 44366243
66852214 21096170
-8102936 84563597
5590273 -46060425
-43860892 4640810
87681972 -70704362
24545320 45063748
92661231 -58357043
8276018 45525335
41995232 -31885398
5974006 -48287682
-12185185 -84982410
97423340 58677589
91647947 -61419754
95525383 -39869056
-42420807 -6468271
-83493655 49610352
22743787 -4279161
57944318 2713619
72164475 -15894000
79936794 -84936813
-44624797 -5332531
64019229 -2503998
-94424310 -4071494
-62672799 78499680
14694019 -47378319
5727363 2249327
-46314922 -10490529
76491349 16572299
87064241 29906033
-98072228 454339
-57229321 341487
-78416784 22054393
-90152748 -39340885
-28562707 87555850
48283037 70801254
76425297 61965650
81656217 -20595882
-53341726 90401938
8036427 -7835189
21517737 -65401467
62108195 -4686156
-78991216 -91242911
-30651687 -76941384
-78913766 -27490562
-47305926 84823950
22027014 -70174724
-50642685 60977440
-70098195 90495108
95224019 47028501
42037381 33502785
-43439354 65974817
-52938409 -95535360
-47376627 60299671
39674694 -86076271
60294272 -94404125
84885775 99812930
23692677 89423467
-5061801 17750072
-81487773 -62711584
-88817646 55467892
41045753 -82385369
-50121360 76677036
-45298694 41913576
3357507 -40337479
-35590075 66731569
35695691 43277297
-23658810 -71025792
-27655896 -7945725
-38880666 94644521
-48569117 -40226366
-59369661 -28869315
-27704893 -55159114
33242681 -30047462
-66546728 23821648
-85533941 76628491
-55349503 -10309857
87800413 -90780470
-59565004 29033499
-35465940 -87528144
-12278518 -37167626
-34021555 41803383
85207286 33059573
32701994 -63489324
-52086871 69185552
-60208529 47050284
89937909 62565719
63162708 17081289
88610444 62427969
43161454 59622367
9243396 26985475
32827394 13404277
-29869517 10918034
85474152 -84559512
68261501 66936285
85686441 -93302617
52707939 90744112
48569739 -92332107
91077816 -77507684
87490788 65315340
-51192038 -86612259
36327610 -43608987
-45786551 36300863
71570460 29044682
-10291097 19672595
-37696628 -66998895
86945971 -21955891
75153313 57176737
45717850 71680892
-6124186 6977415
-74898108 -36337509
-99277831 -57477652
-67129427 -17242353
-94426635 -43883812
33958261 -7712181
-20666084 97320434
-55684628 -41388971
-31728815 -91641657
-41618862 -27918118
-3211008 34892039
-19221277 52212389
94913051 43163067
7177202 -42299929
-90035291 16375799
23567821 -2050404
90358567 -8806023
-59485608 -18237358
-45866024 -73931812
16690076 92659076
-55762743 -84042408
89178167 10205787
-33212129 -54791975
-13135779 52360902
90952064 -51684838
12183229 -47475773
-97114744 82106363
-16359621 72330108
14205856 -60433167
93878146 52336397
-4236243 -97260966
58329103 -30272608
-15658126 18225000
84977594 34159959
-40116719 42550901
29218720 84693098
44720075 54268946
-34061925 86031722
57190823 -44194331
-6568224 87893127
-66246989 -64701259
1207067 -32536857
7713064 -47919282
-47149581 -47982508
-38653662 39008098
76043140 86999955
80665935 -41899133
28888182 -84256931
-52097914 -25354912
-50607435 58573137
-7495423 30728465
26206480 28732134
40501562 82948852
-55580013 64398271
69434267 65069887
44971781 48070549
44986473 21665538
-1617664 38767453
-4833298 88942509
-47465468 96445591
-59833974 -44828927
-43760847 -52555751
57827877 28335765
-36158885 97713894
-24303007 -93064970
68301302 -18043107
-16365700 -23589274
-54522581 -72426337
60174482 61652679
41898984 6987093
74597717 14297170
12607316 -38755771
-99430477 3153890
-56162071 88616824
85119518 -481484
31010934 75532610
13522058 8563427
-34427771 -60257269
64622761 96874557
-92023578 91254714
-6137110 -47743770
38231563 -57934576
3413999 42226069
-80018459 -97393714
-91849855 72052500
-36694211 41369696
49266883 -46054509
-57923343 36182539
61677637 -92725138
70736177 63532083
-15576454 -66887360
21006189 -63281117
37683459 89756126
-94232032 -29947200
35213928 -30364665
-14532183 79980424
31820102 -13910253
-58443750 -12844795
9074684 60484869
-9590942 -11408715
-47451740 -57250148
72677690 62073774
-69478690 -76805740
-5700807 -25858886
-24082591 29648367
74630209 41625069
-27001531 -96830543
-90297389 93106985
-55880418 70711687
-38650152 -65032117
-95854300 41968571
63909036 -20966815
-68158026 -99640738
-58224321 87128628
-64342031 -31345275
-50107203 71778664
-60723096 -34275388
12866682 -95945848
-74444963 32377734
-38106777 -64275480
15564438 53234134
-68146383 32284183
-13596495 -20884299
63641177 -40233817
-55452702 -98427169
39816507 -15479302
32330980 -24543743
50745855 62819913
-28523991 -26340818
-28649805 49135365
50705429 28258040
-97413386 -17950906
73435066 -37480033
-65331772 16226583
215964 19968163
31169069 -78263797
24235779 -96406257
-72374608 60712146
-68052964 -25384822
68952238 39777910
91031722 -89143587
-2405079 -76059694
-24338804 7171322
79550103 96188281
-61251359 -50538575
-62153548 21305698
13218480 -43183064
89828042 3657642
5794162 26312806
-9360822 9686914
-46831999 72813511
19118466 26485815
-82491596 35588108
7950941 28395475
-54673060 11404180
36542969 -64079576
12312305 43482370
-53783314 3155202
56771199 -86478161
-41221298 69402571
31960691 -45506486
53296913 -6820204
23159016 -96868560
25789485 -73894034
-36237620 -53399409
-43452680 -60313230
-99211031 -64744580
-44362000 64901796
-45569117 92193287
-38708309 -42647959
60642469 -6193006
15037361 44543637
-65968515 27308074
-45560406 10246509
-30575255 7379995
-41611230 -84862487
-83540218 45645490
47940739 -51340193
18611017 -35329240
11592600 -78504124
-40542556 -94776592
-73340305 42565787
-20248209 -44551179
68760113 -37911392
-39462129 -62517859
99848959 -60348576
4003131 84022699
5450026 -79957073
84627387 -95125758
-94227863 57027688
8805915 -18792387
-47241097 -14053479
-43464724 39811882
-99728619 45078370
32042979 -72731414
88276613 -50948091
-4297013 92330713
88809209 85039393
-48858499 -30733661
-20818853 81839667
-40724494 5751565
84659652 -16586688
83983508 -19416680
65770764 -24846086
43414648 -40245773
71223864 -72471190
94735332 -39849231
29792989 71051875
61069508 26049507
79722702 41966663
63925626 11984796
15969214 -39318510
2350420 81430996
-76048822 -30829823
20451452 -83198153
15721802 -31379724
-91555474 -15539040
31170933 94591729
-78300693 -54713353
-57200955 4371531
-18215273 60288140
-64785084 -5825122
76182907 -3124622
-49275402 37511632
-14630022 -93135329
-33869495 -97351649
22074997 79820127
-4649811 -30815973
-64598537 -91109182
-17591162 -49290495
-94491369 -53460702
40835184 -66671952
-70823671 -4698526
62738098 -59517467
32773582 -16385382
62085721 36245929
-46026900 87896304
15679516 16396440
-37782077 92372264
-51866655 -2407027
-63905772 33785481
-85032447 58893777
26995074 -77931244
78859079 -29061196
-24271221 -62386099
98898236 -62776189
-66634145 77514735
99162027 -89337982
21271420 1818750
64640463 -15037565
81298042 -61172957
-87821917 -97922806
-55729986 -37180055
-62307624 87624946
-94314381 -91421167
-78702507 40028768
1176379 78470580
-91084892 -27274608
-21384627 -32940890
-80481966 58777886
-15754628 86389066
37130078 -47336601
-66213056 -68619427
-89398626 -45287199
-22274805 45745256
38875136 94747638
-86155369 -17766963
-36347627 1516769
-53662996 -31027264
69636782 13932466
-3195345 -51796641
-99897015 -58002513
-35013990 -34861348
-42985791 -53723438
16598829 91789025
-14769740 -7267613
89000440 58444114
-46870417 30692297
-87653687 36702263
80176756 -24567113
75209372 93043677
-31383005 48848754
-22731544 -83902213
-77438376 -78273495
24106826 62109912
-19175861 -90110735
1513902 -99594504
1020151 97779179
-94554559 56848074
-35567215 -75570659
77832221 61251630
98530933 91339488
-40155065 -95694771
4775531 -17487995
54716313 70826788
26902143 -52657429
-44135104 -62641083
6711615 -22892251
72463797 -79610192
5309203 60216811
30434427 -99323617
-94263328 -54759755
51634251 8775167
28199800 66279772
-47061615 -85471443
14899134 -93457532
-32066576 -22632630
-98211582 -29919085
-5182025 15424503
-26165109 -29256473
-25770864 -41455209
-71969445 -24558724
-16100972 12211287
-99378240 -97443078
-41055180 39516036
62266774 -60431262
67575483 1533188
12981348 603173
34473368 21546122
-13405089 39518760
90205274 55023066
-71968304 -61581267
-17613497 61112333
-58420984 -56600502
-51186816 -89961677
-13874293 -38556373
82671926 36993156
87935277 93980931
30522233 52065795
97574003 29801882
-66778441 5251611
-27266357 51456962
-81508364 55726702
47068452 62340073
-65746522 -76455581
83165851 62500275
-48992973 25053810
-47187728 13764501
-45595109 -30852463
96691101 -29199894
36977565 -14026928
-56139932 -53580042
19183166 -2890581
73382675 -38268134
23695046 -30724766
62638105 16855713
34430931 -5411330
-43754459 -4297602
-65106007 24150505
32772359 -58284315
69055814 -5893069
-54275966 -47896845
-73821546 43268665
-56073813 22479048
90460278 -47663015
-41077646 46706313
-75322427 31957181
67070283 12342720
41516366 23911469
-60011897 -24015776
-27420102 89511450
-24494825 62385260
47373778 -34815040
-96624048 90106944
-30301892 -147064
-64429134 99948785
67397121 36600919
-54366914 52408410
-88559264 9867324
78721375 -78096176
-38016349 -60060237
-96393717 -70306563
-60930729 -31846373
85273954 -34740441
56954419 78821479
-42299562 -875833
-43029721 -67026570
44369954 51856746
57226432 19002548
-89164203 39225366
-60981530 -1202387
-26958731 42115405
46001716 88321263
31046141 -99003498
-22968801 -86150608
98846780 98840912
54121336 -61969248
-90023704 30983622
-48734330 -57219736
-58838388 -82436037
-71750545 -15329772
44811055 34981440
-44679517 21793845
58466530 63702082
42905044 66523713
-82325899 30741232
-55201477 62501335
67011784 -60328252
59232760 -65991191
71369109 49255309
56617953 3865323
58630398 80718656
15733233 -62214680
58557972 11004136
91020345 73149278
52408233 -53673133
51440346 73214889
39995127 84674768
26600269 -95608970
-44297402 11176076
-52312569 -32547686
12137999 6507426
1245460 -495365
-41908894 90454066
99513308 -48261656
-10279553 -91978329
-22252832 22351434
32858185 24927179
-45721518 95296241
-45485198 -84780931
-35719024 96693543
-41328660 -27903695
16808145 -44984394
-27757783 -43701254
-87430072 -47239130
64945925 -8548101
-31840621 27337026
90333865 66584685
-91565487 13195148
36253184 -43329646
-75516636 -50340046
-63208128 95646517
3684838 44778014
-39524859 -87110288
70762315 70322311
-41049731 32179481
-35000276 -69461067
25770130 56329609
35911233 -93444934
-44352200 -3724539
-15317084 -81824823
-11975960 -54540152
70938403 42742641
-31268311 8157777
-71555862 33770646
-77460748 -8913468
-68457642 -29741564
-4064231 62760565
22453137 30591668
74918467 -5010658
86732774 11588433
-38778133 -6030650
-31431971 -45616575
-6594702 13299395
-26790640 19129066
-15612243 15119737
-85513149 -16818843
-35054701 -40823482
-70995974 33162745
30420338 -76989266
-63216283 11103347
-75131225 -50940398
-40857599 59903555
-86445318 -7883598
-89840399 -55753141
2611430 -20821362
62356273 79760848
-99038581 37201077
33323324 -9249843
80129680 -24681265
-68385408 -43469501
-54014810 88970543
9028505 -80506641
41069109 -9597010
-71108359 23887038
41021185 57970327
22391677 -72080430
-38179982 -99844579
58033203 74214070
-61520421 -30561137
-22986668 70599243
59378246 89718578
27536176 92540380
95316711 -38224035
-37910810 -72874277
69560693 94916456
42321628 -30025596
-81062020 -18483124
36409011 -72465209
-30095100 -73195498
-38414173 -92161297
-85655672 8726935
68484307 -41584064
32546253 -82828872
2953111 43342428
52511704 -62754075
-35326064 92267286
-94597904 -29760510
35315179 -86059860
-76874264 -2909561
-97133525 -74656274
-316563 91173013
-73394648 33530439
-85527634 -48298252
42084874 -41359785
-50305252 85039206
-69750349 12203735
78691831 -3295798
-11921033 -57688111
-96965579 -19761112
2322482 28449818
-99789120 5572018
-14384419 -15246513
-70377090 63446019
-17885324 -16122985
-12823466 81698954
-61170871 16580622
3982564 77326070
-81746843 -94177662
66128918 -40816064
-85108852 6802264
-63094744 73783403
35292505 -13568934
-96050861 5443139
-46651665 94380524
-74716203 51962688
16598111 -68834327
43242074 -98945783
26097104 57249446
-2543683 -655227
-47031829 -86219065
-3306482 14329432
71879070 -67810279
-52983917 -69424634
-66506438 20207809
24464698 -13040101
26543688 21078578
66039990 -18587365
-24211649 97804027
-72798899 -69966638
-15575026 -82271814
4133225 15996869
88545521 50821706
-51449406 -42590545
-27726474 40522107
62438382 35801492
-76678787 392217
-18397829 69056821
81058515 -40760810
-79738620 62411917
61784653 -26113564
-35023293 75308727
77332915 43269147
70064448 -72980097
-34977781 -1516583
61648007 8504074
50359970 32543465
-62101212 -8586878
-69886864 -74798498
56635103 -60965281
-14784001 -49276707
75499675 76685251
85462761 82255884
68135889 -15180114
-9975928 11528163
-43211271 4339044
-23461071 -75541189
63060172 24713835
47337235 26348633
8662766 -60642814
86628282 -23502869
87645156 23914565
61648615 -42582540
-31630401 19465614
-51101579 59060528
-48508353 -99912174
-36239384 -59002323
73665717 -41185822
-86255395 33317485
-49631955 26845463
10197082 49839232
67495062 43019886
-21234013 88959827
-3689261 76564608
14464422 39411873
-32097983 -38956543
47985283 -43409522
-30422970 10045083
-98642848 -52327501
-88675368 -46462666
28487628 -52620105
-1204426 -11153104
54221178 -16318747
-83487554 16352865
8341775 -6200497
-51845769 44669481
-99708902 -8652393
-79556426 16220604
-33504178 -77088540
-24869237 38588452
76350822 80425737
-73921537 -40783129
-15033498 -56353003
-89414518 12196794
-8214999 -53563186
61718389 -85212438
-61795374 6104941
-32536729 99594535
-54213342 -75826727
29363622 95032798
-79074391 -49219908
669 859
382 819
399 811
89 200
579 678
483 887
830 930
44 951
118 950
252 636
625 935
143 145
368 735
214 811
1 789
690 773
439 964
820 851
285 955
694 920
111 1000
29 397
242 383
168 828
34 561
522 733
295 596
392 661
834 848
737 829
571 742
409 664
68 638
499 509
28 272
43 279
142 924
508 746
827 918
570 682
110 805
610 712
623 705
373 977
564 833
453 810
363 423
194 555
656 846
93 301
526 552
258 458
159 341
54 311
265 388
436 938
472 884
24 690
124 418
273 537
595 943
163 786
490 778
152 386
256 943
808 914
620 691
176 657
262 323
367 369
3 656
250 891
302 737
653 979
165 269
451 663
762 869
332 557
187 644
61 496
161 602
260 812
10 23
237 502
814 979
355 738
525 849
69 84
508 892
563 799
278 486
317 680
387 960
233 289
319 861
685 980
822 884
175 724
122 406
295 873
320 984
395 858
19 409
163 443
694 809
594 894
730 912
179 664
299 790
269 644
771 934
29 46
291 432
98 677
248 673
776 885
145 212
442 797
72 446
208 824
53 985
834 892
607 999
65 95
521 899
8 97
290 876
726 969
371 543
56 715
327 866
539 954
196 304
195 259
10 899
281 347
328 964
70 75
257 378
268 970
73 716
232 492
354 484
144 611
881 910
147 710
121 123
444 479
429 448
658 800
239 617
106 581
97 348
492 948
254 788
833 977
760 966
20 108
449 808
124 792
322 560
171 654
376 578
361 715
217 770
150 996
90 449
89 890
698 921
336 478
463 861
814 893
321 481
386 499
67 559
467 966
375 444
241 594
509 574
213 390
244 940
223 287
284 291
672 774
315 750
275 992
612 839
85 218
133 447
44 94
455 927
339 698
43 743
395 736
218 673
18 349
263 932
818 993
298 405
192 905
598 957
243 264
74 266
89 126
485 905
555 686
582 704
479 491
426 767
506 762
22 378
558 914
462 901
434 704
628 886
882 909
466 801
296 302
758 993
156 464
526 798
87 497
306 415
612 897
350 628
26 936
764 791
469 497
463 503
698 843
109 177
513 909
127 614
679 988
57 325
260 306
130 201
274 347
46 642
91 141
575 635
318 592
135 550
261 631
81 306
486 624
458 783
519 721
370 865
119 327
776 949
362 475
316 389
272 734
599 942
108 634
352 869
519 671
172 416
147 666
414 585
35 376
344 582
253 498
619 950
411 840
34 546
255 354
35 358
206 898
574 760
8 956
324 988
590 955
455 953
303 322
591 592
49 464
40 785
227 640
183 480
504 869
114 740
733 967
476 976
157 443
668 769
702 845
76 740
148 361
309 460
137 642
242 613
511 848
255 516
538 543
700 813
167 759
326 895
153 699
76 839
659 747
311 462
79 286
646 907
279 535
565 823
434 475
198 229
576 602
513 962
219 254
872 999
262 908
369 380
209 431
422 845
122 238
186 420
380 817
758 881
9 153
331 781
135 819
831 898
495 942
600 747
424 704
225 489
602 646
515 730
501 927
36 797
48 741
507 695
649 722
288 294
21 26
138 225
202 865
99 689
569 862
365 505
588 728
138 981
562 738
95 967
96 287
162 461
104 930
889 936
184 495
326 626
657 944
412 554
328 334
152 826
180 802
250 586
28 568
381 714
149 303
184 832
570 880
457 923
527 903
898 992
119 321
461 601
457 998
164 408
448 586
505 540
934 989
42 844
832 971
48 450
233 546
410 779
5 167
153 518
486 912
167 688
847 975
639 953
209 239
126 761
100 739
765 829
32 652
117 959
404 818
4 22
245 989
529 756
632 849
529 971
88 879
267 494
679 874
396 928
247 932
228 493
902 904
5 301
355 924
697 887
577 862
358 530
191 608
547 609
473 908
423 716
310 363
668 968
283 429
296 841
136 952
100 471
241 976
142 535
111 820
58 855
308 581
573 882
68 405
517 723
649 939
2 711
198 662
351 933
142 523
161 211
901 913
708 807
492 724
317 491
252 305
221 589
7 203
181 665
263 419
265 680
350 810
488 689
100 545
30 673
713 731
324 879
802 919
73 599
382 651
235 952
843 954
154 816
298 732
333 514
445 767
951 990
231 711
204 292
791 856
611 947
553 866
417 937
177 353
456 512
520 958
216 504
565 809
563 727
151 384
277 876
330 402
831 994
364 545
244 421
50 158
30 232
588 800
387 592
107 372
194 490
32 929
430 652
437 883
13 581
983 987
215 665
335 342
585 744
31 527
170 234
297 566
452 598
233 970
316 796
683 855
793 945
42 963
62 821
235 587
357 487
137 506
528 701
369 666
38 623
11 556
536 812
121 652
312 609
104 672
182 374
84 445
74 474
558 803
684 796
312 770
538 900
360 823
453 997
284 403
332 549
559 847
365 498
300 953
32 948
33 982
503 643
29 48
483 647
446 748
813 842
88 826
31 939
600 945
523 906
381 920
593 940
143 881
441 838
400 447
162 568
242 582
246 706
375 824
553 632
36 482
390 539
77 897
24 798
580 683
318 669
6 199
144 622
154 963
883 888
424 745
345 403
520 946
501 593
620 978
210 689
558 626
231 430
157 328
292 930
623 787
150 850
205 533
335 888
115 134
584 878
528 836
542 968
12 83
325 603
397 933
157 365
504 836
93 374
777 968
78 709
276 426
219 885
461 536
755 821
415 432
511 630
614 805
155 618
180 307
710 932
686 766
691 854
92 744
137 658
628 803
391 991
631 649
139 345
584 849
555 574
91 118
633 859
1 184
355 864
55 271
19 130
252 911
39 697
687 855
682 867
50 446
546 974
454 496
573 733
62 329
465 597
289 822
217 611
3 606
30 55
191 851
37 719
150 609
114 706
149 299
785 968
54 304
169 310
595 922
764 868
667 969
428 962
684 868
469 753
36 772
858 912
259 959
846 877
370 723
59 877
525 883
117 418
322 815
95 436
156 238
220 974
162 605
102 757
870 937
754 944
114 303
352 749
343 505
105 566
14 859
174 781
399 728
338 872
71 373
166 291
500 583
460 659
615 867
47 578
214 229
155 271
393 780
275 950
470 660
13 357
545 621
77 156
756 935
662 975
597 693
600 735
567 795
720 996
178 709
493 617
165 207
176 590
141 470
131 693
341 631
548 995
164 874
234 491
518 696
482 655
16 925
40 746
380 725
171 771
71 532
823 880
7 870
412 966
392 978
230 929
110 186
394 653
87 264
646 973
426 865
66 688
446 958
282 957
381 410
674 918
63 189
277 484
146 963
205 717
251 551
541 838
94 208
765 955
468 875
23 39
51 921
533 670
270 987
192 283
481 792
249 385
245 267
57 701
263 330
861 895
726 782
115 794
280 759
112 729
302 308
511 562
572 619
132 183
476 567
282 368
614 675
60 718
680 725
675 774
407 487
334 557
353 412
650 905
33 551
4 548
523 850
360 398
385 422
806 844
339 385
524 931
10 606
327 916
60 69
487 947
224 662
273 464
42 373
391 603
341 579
169 961
129 692
705 949
490 663
433 451
512 902
17 131
315 427
383 667
11 661
174 946
80 686
339 524
179 338
500 857
108 353
59 835
83 794
407 749
109 619
129 459
203 941
735 768
542 645
333 714
674 693
285 563
645 742
80 923
389 784
125 580
450 534
547 629
438 658
117 166
723 784
236 389
454 675
103 627
56 91
126 173
313 987
534 731
670 875
15 101
707 801
400 440
523 896
314 653
145 270
190 226
18 754
667 825
842 847
515 863
835 889
78 245
82 135
648 699
650 972
211 283
53 613
15 254
125 320
241 752
9 456
401 413
435 670
557 852
447 472
17 616
290 752
158 708
489 902
230 340
173 190
860 991
819 894
249 440
2 191
116 236
270 896
19 193
105 915
420 676
750 972
333 965
178 400
346 549
556 761
25 571
18 113
41 903
213 919
273 411
622 889
65 160
278 925
572 700
226 248
510 970
132 206
427 886
718 827
215 489
69 347
362 934
297 722
359 630
477 630
337 533
107 188
102 366
128 481
639 815
103 371
147 293
893 1000
83 380
485 589
136 990
128 739
435 990
610 751
358 374
151 756
105 742
27 587
197 856
267 816
61 615
677 891
377 871
253 911
348 879
58 981
150 544
185 222
790 945
280 595
64 712
45 206
168 888
288 414
113 181
27 681
128 685
223 718
209 345
304 986
692 790
240 411
86 532
64 837
236 442
203 221
151 957
228 512
707 732
452 520
99 268
377 772
641 908
401 654
519 654
439 757
500 769
6 676
62 643
338 425
140 907
763 938
98 201
70 301
196 853
551 560
294 635
773 828
807 926
21 853
92 596
307 707
112 960
257 917
63 655
37 961
681 775
227 294
478 995
564 754
243 356
182 379
170 789
66 995
286 379
79 227
120 488
441 926
607 655
393 407
517 783
356 474
120 674
92 938
101 548
644 703
123 923
550 980
712 937
222 406
416 753
170 258
122 591
112 763
779 998
52 62
466 627
530 637
757 985
516 624
158 372
187 641
396 972
604 632
226 323
155 237
531 577
552 695
74 261
744 804
199 577
