100 5 104 6940
257
843
432
998
543
631
682
411
973
855
603
207
49
195
973
338
520
374
112
306
163
80
758
548
840
363
163
617
424
212
684
432
97
448
122
570
985
550
628
193
816
912
737
542
962
937
982
426
590
538
375
36
135
720
221
968
756
828
250
654
172
805
163
519
417
61
368
478
53
980
253
774
691
373
425
101
487
962
175
831
562
836
310
532
380
192
233
588
305
735
436
145
438
301
605
225
562
108
589
446
9182
7755
8945
11353
13268
5 36 534
105 42 459
28 71 153
96 63 793
105 49 218
26 22 965
27 62 777
44 74 449
61 30 778
25 15 362
91 53 711
92 9 126
26 99 856
5 94 100
3 99 688
11 62 540
92 16 467
94 85 394
21 26 213
80 17 477
48 18 962
65 59 661
24 65 70
80 92 392
95 91 70
18 95 257
98 77 104
98 1 759
104 4 308
77 60 190
79 22 535
31 29 941
54 5 159
53 16 103
15 17 757
40 78 202
87 53 146
95 61 663
91 68 513
74 89 666
10 93 278
37 8 315
102 89 145
62 70 497
93 87 363
39 105 765
43 101 553
50 60 875
98 62 573
33 68 803
25 21 442
102 42 205
44 93 653
70 96 318
102 64 680
60 3 673
2 25 463
75 45 195
23 88 115
80 43 27
79 8 772
75 59 959
75 64 624
52 66 311
84 43 855
81 59 931
102 97 424
23 81 184
66 62 793
85 18 525
29 59 215
27 56 652
97 19 47
58 102 504
24 35 779
67 5 74
42 90 488
76 73 102
33 69 914
24 103 294
72 57 894
23 46 372
73 11 567
23 82 330
92 78 268
65 71 411
44 12 683
104 94 89
38 36 209
86 9 518
3 47 850
72 1 603
50 32 841
86 51 718
3 7 721
72 20 144
34 48 285
6 17 330
83 19 862
14 53 435
13 31 336
69 55 671
70 100 860
41 86 955
