100 5 154 7597
257
279
167
948
688
680
226
299
821
363
758
376
551
292
724
562
514
259
478
621
152
501
50
470
553
82
474
531
786
8
532
741
103
958
380
322
485
757
827
209
576
492
156
83
738
735
277
565
430
514
572
771
34
626
869
423
573
301
559
671
787
594
951
16
705
834
509
33
773
309
76
182
302
772
163
111
994
909
86
238
510
205
883
665
749
812
720
599
266
510
390
344
82
387
693
419
141
17
293
834
8520
18058
13062
6933
13158
37 62 708
92 63 59
7 46 975
60 44 502
43 90 303
66 76 56
55 56 499
99 13 324
103 65 98
93 61 341
91 64 826
70 18 585
12 24 286
87 43 20
44 91 73
21 64 963
38 76 532
8 62 534
20 86 83
23 83 549
97 57 494
54 91 836
98 3 740
12 68 195
82 89 777
15 92 24
35 100 699
30 37 77
97 7 610
66 26 60
87 77 515
101 19 871
74 83 242
25 65 166
38 12 945
3 36 901
40 7 238
98 100 723
4 33 756
38 67 5
100 91 904
33 62 752
1 44 798
57 48 28
48 39 772
59 12 726
79 86 206
87 52 731
13 105 616
76 35 944
85 100 1000
49 76 515
41 58 687
73 25 561
51 13 538
58 67 129
73 99 495
70 97 67
57 12 299
35 47 914
82 103 212
41 79 655
42 92 473
99 64 731
10 65 263
96 9 179
89 55 534
10 61 418
57 83 841
38 45 954
8 22 935
87 51 75
9 34 634
42 6 917
72 92 594
45 63 438
79 9 538
70 30 116
5 66 849
101 97 687
17 22 278
84 24 153
69 103 407
58 50 876
75 104 84
97 14 529
103 88 396
80 50 773
2 36 198
87 53 703
81 48 490
93 27 152
26 78 683
31 29 580
73 29 822
59 75 534
28 81 657
71 8 158
11 90 556
94 53 186
102 42 430
16 4 492
95 92 927
32 36 390
94 105 924
80 7 689
88 93 774
23 24 813
71 6 140
44 37 474
94 103 503
87 86 385
72 93 752
63 93 552
53 7 90
49 72 523
56 105 563
89 34 724
90 105 112
36 28 256
49 81 116
94 69 199
54 13 590
58 78 531
61 38 419
23 66 201
61 27 137
4 53 880
37 65 659
1 101 247
95 67 858
80 103 75
77 52 80
75 22 229
75 96 320
49 55 247
67 20 286
81 29 622
52 100 872
96 49 925
59 59 906
67 59 568
69 88 609
42 95 616
1 61 620
64 96 41
97 64 27
105 92 592
35 67 238
28 13 459
99 40 3
9 32 757
24 15 674
3 59 276
