100 5 174 33154
481
246
678
663
706
714
875
757
793
435
109
50
399
828
120
847
255
307
197
886
869
80
761
14
696
254
115
770
890
382
33
618
690
920
323
389
230
873
127
258
541
629
570
578
343
235
726
692
497
146
150
158
223
514
546
841
462
144
970
464
170
493
904
508
5
502
813
190
150
79
626
207
610
925
822
236
278
970
841
277
232
65
627
203
75
382
296
887
677
1
233
772
605
222
648
154
9
30
259
538
12725
3817
14799
9454
12190
95 81 190
80 89 799
27 16 622
7 26 332
105 33 508
56 74 991
62 42 530
30 44 172
4 98 375
59 87 602
21 85 337
67 2 998
51 46 526
26 21 907
103 95 773
23 55 523
8 40 640
54 32 657
7 42 288
105 37 135
52 84 635
70 50 334
74 72 901
101 99 62
95 53 150
7 55 844
58 49 7
100 63 596
92 105 617
55 36 754
103 48 138
8 62 520
81 65 802
20 62 764
3 101 352
47 17 985
75 45 295
87 99 219
71 104 994
31 10 169
83 37 384
18 25 368
4 48 992
29 80 652
1 28 744
58 79 177
26 88 994
65 39 170
81 101 982
37 66 205
73 97 513
48 6 625
80 26 293
2 57 595
21 31 694
24 18 365
20 57 93
78 11 117
21 79 477
58 44 282
85 71 362
68 50 338
12 99 261
64 96 766
11 10 491
22 20 829
80 82 49
89 59 333
83 77 400
83 98 249
43 14 471
8 52 606
64 23 80
94 74 987
64 17 480
28 25 235
91 47 842
76 51 714
56 28 161
41 70 400
74 42 902
97 27 519
60 1 408
46 55 441
14 34 637
69 48 336
32 78 170
49 100 428
43 3 483
25 35 239
23 27 456
11 70 299
61 27 32
5 23 454
93 38 20
55 45 69
86 100 338
13 76 614
42 15 516
50 90 647
90 93 173
19 10 230
9 77 593
102 57 950
24 38 423
92 71 674
27 30 671
29 104 431
36 6 598
74 72 237
38 72 146
27 44 152
79 33 479
10 5 7
7 90 25
2 79 773
84 67 964
31 31 263
75 95 722
65 77 678
19 36 880
77 54 814
3 68 223
93 11 409
30 87 606
11 54 858
72 34 265
102 60 143
11 94 193
20 81 591
90 2 628
35 60 380
86 87 36
49 32 333
26 22 233
103 69 7
102 25 884
26 5 306
23 69 519
69 55 898
54 99 285
41 69 933
75 58 436
1 18 20
20 44 159
48 55 767
71 53 414
69 20 414
79 1 134
65 39 400
28 73 8
50 8 57
32 16 248
76 79 663
94 38 183
64 68 68
19 33 276
102 6 264
13 62 845
67 59 151
82 52 720
98 9 488
55 86 321
31 64 408
95 32 619
56 71 116
33 96 141
42 62 366
74 81 652
60 59 255
1 102 162
100 38 421
9 7 589
30 41 494
