100 5 200 34409
367
764
937
554
650
286
529
491
164
727
880
483
201
674
372
919
94
367
969
860
632
749
905
615
338
916
381
561
527
721
484
471
717
551
489
901
711
489
539
877
859
17
473
804
780
439
240
284
968
904
188
317
678
774
265
194
950
840
298
512
421
624
87
726
112
445
131
432
775
65
776
533
531
633
141
806
392
675
379
161
645
543
793
484
229
38
910
935
503
931
196
163
517
807
650
881
448
618
6
11
13598
11567
7132
17057
6273
97 64 579
61 58 601
7 75 857
23 40 435
49 42 28
31 100 290
68 34 769
57 79 165
26 31 783
105 37 14
19 30 803
30 93 749
69 3 169
23 12 133
64 70 315
35 62 139
25 20 24
75 89 913
18 24 956
34 51 214
85 37 106
63 11 803
45 66 237
61 9 311
74 23 110
23 20 782
18 81 670
54 27 55
24 44 332
29 40 81
18 88 62
44 26 413
97 89 823
12 65 750
65 2 433
2 102 855
76 26 477
88 78 739
103 24 817
20 105 245
101 21 838
50 10 691
71 62 479
79 3 814
98 55 280
73 7 907
4 5 607
96 52 428
43 63 382
83 71 204
56 70 849
82 3 535
34 46 164
63 80 82
96 44 178
103 36 774
19 67 412
6 19 757
67 57 444
57 52 968
31 40 346
15 91 205
9 95 781
32 63 739
40 75 519
80 2 927
42 22 276
42 83 647
49 30 296
50 68 116
94 18 865
84 61 598
26 27 466
66 20 7
87 40 283
97 28 757
10 67 214
91 73 38
56 55 175
5 89 641
88 16 933
3 8 629
28 61 161
83 13 142
90 4 39
56 38 534
59 60 364
48 29 494
27 60 866
101 71 400
1 90 735
28 14 584
70 77 837
39 26 107
72 27 908
79 17 563
60 47 509
41 54 389
33 6 134
52 92 918
18 104 384
81 53 701
86 67 671
16 99 120
100 76 599
40 98 622
80 75 621
9 99 585
22 36 15
75 97 280
3 93 549
51 84 669
48 19 531
12 80 908
70 57 512
31 33 514
67 14 767
100 42 842
94 6 861
31 99 819
89 83 843
28 5 611
13 83 916
68 64 652
67 84 495
27 14 89
35 27 710
36 71 520
36 24 870
57 77 575
87 93 109
12 40 732
23 104 580
86 62 716
56 36 532
81 74 168
16 63 97
17 11 89
33 99 720
35 73 956
13 68 114
99 45 171
92 101 985
76 71 524
101 41 2
21 21 261
26 14 622
66 43 116
54 83 904
72 63 385
19 58 390
10 33 762
14 66 220
41 14 670
56 38 810
50 47 574
15 78 447
59 17 602
74 52 398
87 88 770
94 39 634
93 30 624
62 101 409
20 55 481
20 64 495
71 71 637
67 6 149
54 101 425
104 9 267
62 58 505
46 79 219
45 36 673
41 3 433
92 8 431
30 39 781
56 55 656
104 11 10
13 11 974
12 102 782
39 70 126
11 70 923
99 35 604
83 63 17
49 51 487
78 48 887
11 7 509
51 52 815
4 63 690
91 60 786
99 48 809
45 57 240
64 64 852
64 46 434
78 33 515
13 74 733
92 41 44
67 33 563
85 90 226
6 6 104
55 100 600
