60 5 64 4718
887
286
761
984
295
732
718
928
499
190
112
730
349
256
611
55
533
790
471
933
206
55
942
949
236
543
603
178
141
548
280
686
630
566
185
962
143
625
71
994
915
20
438
387
297
614
193
204
857
212
330
790
142
645
996
701
757
303
340
362
1187
13329
10623
2502
19146
20 10 596
8 27 831
15 62 606
56 61 222
34 2 373
16 12 160
25 30 785
42 61 189
52 35 55
32 49 232
49 26 140
63 2 148
25 44 193
4 24 824
39 16 907
57 59 52
65 6 260
58 23 974
20 1 412
21 52 800
34 60 267
7 51 481
55 30 51
22 39 340
46 29 85
11 46 461
62 49 750
60 46 779
36 20 644
31 51 586
52 54 534
19 27 213
33 8 518
34 24 496
5 33 989
58 29 537
8 63 499
48 25 565
10 3 53
43 46 131
16 11 875
35 16 345
33 15 691
25 50 156
44 32 903
18 20 508
51 18 719
57 2 662
49 40 698
56 34 120
47 40 557
13 28 997
30 53 493
53 10 202
6 25 456
17 12 592
7 45 675
24 41 449
19 64 875
4 38 144
14 37 548
37 57 39
13 27 519
46 9 173
