70 5 74 38289
914
67
680
969
885
51
214
566
135
861
525
275
104
152
194
536
565
285
737
166
59
63
620
937
281
781
228
882
705
598
803
204
190
132
897
195
213
377
155
560
97
968
520
905
472
448
567
651
111
60
337
416
171
456
689
458
4
284
326
11
705
719
704
949
10
983
647
557
166
719
9299
8308
18671
11764
2707
3 50 384
39 16 682
67 33 365
59 28 525
29 27 637
35 57 883
26 59 747
26 27 525
56 2 978
36 67 425
17 2 841
72 52 111
43 1 613
2 20 625
35 36 504
10 37 806
42 67 968
30 65 203
66 45 574
71 54 298
7 35 204
27 8 177
13 3 313
46 60 547
51 59 897
73 17 235
48 14 649
65 38 353
24 66 540
10 35 722
29 42 753
47 32 612
59 63 571
28 60 470
72 23 188
6 74 812
41 37 891
2 30 127
65 59 226
37 75 410
34 2 73
52 58 427
12 49 646
49 24 709
54 39 895
12 9 49
4 62 271
38 58 948
44 69 459
4 61 170
30 74 63
74 45 375
54 20 691
74 25 282
63 55 89
26 19 495
1 22 652
14 45 546
29 1 615
14 40 409
32 7 783
2 62 838
41 13 781
18 67 875
66 70 183
31 29 543
11 72 229
59 21 844
12 53 996
68 62 393
19 15 238
64 65 17
44 61 362
5 71 796
