100
= 72
= -598
+ -155
= 29
+ -571
+ 92
= 63
= -156
= 155
= -21
= -199
= 582
+ -246
+ 539
+ -378
= -159
= -284
= 442
= 262
+ 461
+ 477
+ -186
= -65
= -375
= -397
+ -499
= -438
= 571
= 81
= 109
+ -524
+ 524
+ 410
= 39
+ -94
+ -567
+ 470
= -494
+ 502
+ 368
+ -168
+ 305
+ 487
+ 74
= -131
+ 544
+ -336
+ -436
= 356
+ -15
+ 375
= 314
+ -402
= 60
= -30
+ 481
= 532
= -522
+ -273
= -428
+ -464
= -500
= -219
= -541
= -431
= -312
= -86
= -76
+ 203
= -58
+ 540
= 512
+ 20
= -567
+ 87
= -508
+ 497
= -212
+ -135
= -199
+ -212
= -522
+ -411
= -340
+ 39
+ -314
+ -123
= -44
+ -322
= -119
+ 500
= -278
= 327
+ -575
= 60
= -113
= -526
+ -586
= 529
= 15
5050
1 48
6 21
33 44
64 90
36 81
24 76
44 73
4 40
5 47
10 37
51 71
18 93
26 35
33 67
22 80
29 58
36 45
67 92
92 95
64 86
9 48
70 91
12 90
16 66
34 87
21 81
12 14
65 85
10 67
73 88
31 54
7 56
12 35
36 82
37 84
62 68
6 91
16 27
38 39
7 67
21 57
42 74
70 83
35 76
72 88
54 83
45 51
70 84
2 19
85 94
72 81
82 92
18 69
33 58
45 73
13 96
39 87
12 43
35 81
30 58
30 39
21 83
28 98
25 67
31 44
49 84
7 23
64 84
8 98
35 97
73 73
6 18
59 73
1 95
45 57
29 89
24 66
95 99
22 93
5 79
55 99
51 64
32 33
35 87
46 70
17 57
47 73
17 65
48 99
9 87
42 95
20 46
14 59
17 39
6 58
19 99
54 75
67 100
46 50
16 57
71 73
18 78
52 74
26 28
40 88
16 37
6 22
32 85
3 5
11 35
2 40
11 43
47 92
31 65
29 95
8 73
16 33
47 91
77 81
8 80
56 66
7 35
38 44
28 74
62 89
2 4
54 69
6 16
17 67
7 19
1 96
57 75
13 72
36 53
16 24
17 84
76 92
20 39
23 79
69 89
16 96
35 100
84 86
65 66
82 98
3 82
13 51
6 19
32 65
15 55
14 72
24 55
19 40
21 25
26 34
17 42
57 70
54 56
63 80
63 92
19 35
77 86
14 28
3 81
13 84
20 84
22 52
35 95
13 21
42 44
42 72
4 91
23 76
37 73
5 45
51 55
53 81
76 82
33 39
35 49
51 100
3 56
20 76
22 46
11 33
27 40
15 77
83 98
17 53
20 60
32 100
72 92
66 98
15 44
19 65
32 36
69 92
21 99
48 66
43 66
79 81
6 70
76 87
56 79
29 47
25 75
12 63
12 27
24 77
12 85
69 83
30 82
16 86
34 98
26 91
6 46
47 76
15 54
69 77
19 81
71 83
54 65
14 52
29 32
15 23
50 84
87 97
4 74
3 79
67 75
8 57
56 60
36 47
4 78
93 98
12 72
89 92
11 63
53 54
74 83
59 98
12 48
39 78
77 78
1 27
12 78
48 94
10 24
16 62
25 55
18 48
33 63
48 93
39 68
29 90
3 18
29 88
15 64
67 68
35 35
28 97
73 89
71 97
20 58
6 100
32 34
66 80
3 97
43 56
18 81
27 70
47 48
5 86
43 52
1 51
78 89
43 98
4 44
15 34
58 91
79 91
1 89
38 68
17 92
96 97
10 39
22 70
44 49
34 68
18 19
25 38
65 65
42 78
16 41
3 34
4 85
72 100
8 31
14 69
58 66
83 89
5 88
18 80
16 55
37 75
16 89
39 59
54 59
3 52
56 85
5 18
72 98
61 73
13 44
14 25
8 23
60 97
31 93
13 41
9 25
74 90
56 59
66 87
36 44
23 56
79 96
10 22
8 99
31 57
82 85
37 68
46 58
46 71
52 96
1 18
35 78
19 29
36 83
54 71
14 73
14 100
18 85
56 68
15 52
27 66
73 99
76 100
59 83
1 81
36 95
45 61
2 55
57 93
33 82
44 95
36 67
7 99
88 95
62 72
73 87
2 31
37 41
12 22
87 90
24 60
28 77
52 64
23 95
2 7
1 20
41 92
17 79
3 75
13 62
36 68
11 51
19 96
5 71
63 81
5 54
63 100
55 86
22 81
19 23
83 86
40 70
37 93
13 29
14 43
90 97
45 72
63 74
38 60
6 28
48 51
8 82
34 80
42 86
57 95
9 43
49 75
93 94
15 81
31 34
73 82
24 26
34 65
43 99
17 93
58 69
30 96
18 56
73 77
43 96
38 57
2 62
11 99
59 88
63 95
75 80
2 67
20 22
4 8
20 69
23 47
4 10
51 85
66 90
65 86
87 92
48 67
5 30
48 80
53 97
45 58
59 60
6 84
24 46
21 65
17 98
5 69
15 59
12 50
33 64
1 35
19 61
7 48
55 73
5 51
16 68
40 68
94 100
50 61
22 72
9 39
15 80
14 58
15 65
35 64
40 65
13 100
81 90
52 90
72 72
32 67
12 74
19 73
53 66
53 75
43 65
2 94
75 91
39 41
3 6
11 66
46 89
31 33
27 83
29 86
13 34
50 90
66 88
64 85
57 63
42 92
14 76
9 57
38 74
7 73
27 90
42 66
15 32
68 86
32 47
58 73
21 80
64 67
33 48
23 91
3 58
72 95
63 67
12 82
32 56
16 19
62 84
18 84
55 84
11 34
28 61
24 75
68 100
20 59
73 75
76 81
63 73
1 39
32 59
26 89
54 95
80 93
46 46
42 51
44 68
5 27
2 97
74 97
69 86
10 34
53 80
60 85
58 77
26 80
27 85
54 76
45 82
28 89
23 90
33 91
42 45
43 60
43 70
71 87
46 72
16 78
34 100
8 60
20 68
5 89
38 51
78 91
18 18
4 18
32 78
28 46
46 84
70 87
92 94
48 81
51 75
41 60
13 64
57 97
11 50
39 66
46 67
38 88
12 45
30 33
76 88
66 92
60 81
3 19
17 64
14 44
34 54
35 39
22 53
54 80
1 69
19 80
72 89
5 28
34 71
62 77
19 55
62 79
59 100
42 49
4 39
37 57
43 50
91 95
20 73
60 99
3 29
24 71
5 33
34 96
8 29
31 95
12 15
30 97
57 72
95 95
37 47
52 66
1 79
69 93
47 55
60 90
1 28
63 71
6 85
24 83
3 32
7 38
39 53
6 40
3 93
22 71
34 62
28 33
9 78
8 45
7 50
6 50
57 90
20 99
39 84
74 76
4 25
9 28
33 73
60 75
35 57
45 46
2 32
49 64
55 81
4 19
42 62
79 83
63 84
61 97
25 49
49 81
4 29
86 94
1 31
1 30
1 98
11 39
14 51
3 90
71 81
47 89
26 46
9 99
17 62
75 83
5 49
11 71
15 100
5 80
31 38
10 48
13 74
65 98
8 68
17 18
45 69
19 88
61 98
4 95
82 91
22 65
4 87
35 55
73 74
30 73
5 59
36 59
26 69
55 72
52 93
64 68
59 62
8 90
61 79
36 57
55 59
57 57
20 71
45 80
86 92
62 75
15 33
78 84
24 73
40 76
11 84
65 95
79 85
5 61
8 83
50 85
2 6
47 84
49 80
44 47
25 88
45 88
19 98
10 14
46 52
18 75
33 89
67 91
26 26
72 78
33 61
36 38
31 41
9 88
28 36
63 69
64 78
31 74
20 50
2 68
6 89
68 83
15 58
3 62
61 91
18 91
84 92
56 95
4 6
19 46
53 95
77 97
61 67
29 91
20 49
44 75
36 87
2 11
71 76
33 80
28 99
7 43
64 65
65 72
83 83
22 95
68 72
12 64
3 73
16 50
4 33
20 88
57 98
29 94
4 84
37 60
47 83
82 90
42 76
42 42
25 56
10 93
45 53
17 86
28 92
9 98
52 68
19 20
20 47
11 62
11 92
72 97
7 87
81 99
11 44
19 33
19 76
14 48
40 73
43 62
25 86
35 69
45 94
10 47
1 25
65 93
17 68
4 61
10 53
21 71
76 79
42 56
18 95
51 57
18 94
30 67
69 94
20 29
16 43
27 78
24 87
28 81
54 61
8 11
58 85
42 85
8 66
59 71
26 73
6 37
59 78
5 70
23 72
15 47
7 47
20 67
53 56
34 64
1 94
29 83
15 84
1 54
80 95
7 86
15 31
9 80
83 84
7 71
2 65
3 74
34 36
37 65
16 90
29 43
39 54
57 77
67 76
8 65
46 60
4 97
18 31
6 60
30 61
80 84
5 72
33 51
52 100
14 94
23 75
21 51
54 82
10 65
24 81
7 29
59 81
14 55
46 68
84 95
39 72
3 51
29 50
1 55
46 62
35 38
43 77
73 96
18 36
41 58
41 52
1 1
59 99
58 97
1 67
55 79
36 50
93 99
47 81
24 42
45 83
3 78
16 52
7 27
60 62
1 16
57 89
80 94
27 34
67 99
70 88
11 86
6 99
21 33
54 74
9 40
49 59
17 66
61 95
63 75
42 90
48 82
20 20
17 85
11 25
65 81
44 72
45 50
68 75
50 86
17 51
37 100
2 49
19 94
73 86
10 84
61 75
7 77
23 66
13 70
1 99
58 95
3 35
6 81
84 98
41 85
13 25
54 78
32 62
54 85
45 55
39 40
6 78
20 92
25 64
68 70
6 77
61 65
10 15
29 79
82 93
61 84
3 33
45 90
7 32
30 57
41 46
14 45
32 58
27 72
8 56
86 100
72 86
23 86
34 56
68 91
8 47
29 42
36 48
6 25
64 76
2 69
12 58
38 91
2 13
10 91
51 82
6 44
89 93
50 83
22 51
68 81
35 62
13 36
49 52
31 58
75 75
49 72
2 54
62 76
38 59
51 93
24 62
32 89
37 51
9 18
6 71
2 85
12 93
12 46
61 76
34 45
12 41
18 23
19 60
11 57
39 80
11 31
4 90
2 21
36 60
22 43
6 57
23 92
6 54
2 58
74 75
58 82
13 31
4 35
4 99
5 95
36 77
73 98
21 22
13 27
15 26
35 36
17 19
43 64
1 84
8 40
36 74
28 37
72 93
2 22
6 11
11 97
19 26
66 91
10 43
3 43
5 15
30 77
25 73
74 96
16 60
33 42
3 67
30 54
33 46
34 46
48 88
92 97
23 60
10 35
74 86
48 98
27 99
74 99
17 47
37 88
1 93
45 67
2 84
48 83
16 64
9 45
55 97
6 17
42 91
1 77
34 93
38 87
20 52
14 99
23 69
67 93
6 61
40 78
32 40
12 53
40 41
23 99
44 51
9 83
56 99
3 92
44 90
64 70
3 98
1 74
49 89
23 71
36 89
51 61
9 42
40 72
58 64
49 67
89 97
18 55
33 84
45 95
31 81
1 5
1 33
28 66
92 99
41 89
45 47
56 84
15 94
79 100
21 79
13 40
14 84
38 62
65 78
22 31
21 63
15 73
92 96
25 79
61 100
8 51
11 22
20 30
66 100
37 83
12 26
52 89
80 80
1 58
78 87
20 91
51 67
74 98
21 73
12 98
28 52
6 92
24 29
26 59
26 41
69 96
77 91
62 78
12 21
41 49
40 50
28 34
23 63
44 62
20 25
8 41
52 59
68 68
14 82
45 56
69 99
52 82
79 97
34 76
10 96
53 77
40 79
38 83
20 74
3 94
25 25
78 81
42 93
39 91
26 88
13 24
2 48
58 92
12 38
77 83
56 77
32 41
47 68
11 88
93 93
26 44
30 87
10 100
25 91
78 93
14 61
5 20
5 74
36 54
1 88
91 96
90 99
18 44
34 40
2 98
86 95
25 96
24 33
30 52
8 49
55 58
54 92
35 54
13 50
59 66
86 96
66 81
84 90
7 11
8 81
26 65
16 80
10 99
51 90
14 86
61 87
30 75
13 98
19 32
12 30
83 93
50 66
36 88
53 84
25 72
14 74
42 63
57 96
48 73
7 7
85 91
15 62
9 65
15 50
7 65
30 90
69 76
38 64
9 60
57 81
79 99
9 11
38 58
66 67
13 39
29 33
33 90
54 90
38 63
40 45
3 38
9 100
14 41
61 86
18 32
67 87
60 71
90 92
47 74
2 33
5 23
41 76
24 67
41 98
11 94
30 56
21 48
24 27
71 72
59 63
70 75
62 71
17 59
13 20
10 45
49 88
10 64
37 59
39 56
57 87
46 49
16 100
8 86
42 64
86 87
31 43
50 70
43 73
47 72
21 27
3 64
49 60
38 86
39 89
39 79
28 57
58 99
28 93
6 90
61 72
41 100
77 99
84 88
80 82
31 73
28 72
90 90
13 77
11 98
13 90
13 16
16 40
20 43
35 61
44 80
10 32
34 75
44 57
27 53
55 98
37 90
33 92
8 32
41 75
61 68
39 83
12 56
59 74
39 82
45 64
87 91
17 72
22 86
79 98
34 69
42 46
26 42
4 98
79 94
60 63
10 75
68 82
14 46
46 91
11 27
7 78
11 47
38 46
36 93
6 27
3 80
81 91
80 91
25 77
21 39
18 60
48 63
25 69
38 85
12 83
62 63
12 52
72 75
44 79
25 42
59 84
2 99
68 88
37 54
4 72
38 72
83 99
52 60
18 99
45 96
30 98
47 94
22 56
10 42
11 81
31 90
36 99
12 19
57 76
20 45
40 46
20 41
27 93
9 13
8 96
3 17
41 97
47 75
7 79
34 66
22 83
45 98
49 68
47 57
45 60
49 85
14 85
3 99
42 55
24 63
71 95
22 77
21 42
7 55
41 70
29 69
22 48
72 87
8 59
52 94
2 24
6 93
33 87
29 81
43 57
3 100
17 61
15 93
23 36
53 60
39 93
10 82
23 24
71 85
8 92
34 90
62 65
40 58
13 54
1 40
41 87
47 87
5 48
9 69
95 100
47 58
1 75
57 85
59 86
4 24
36 78
10 31
60 79
39 57
5 57
38 55
66 69
30 76
24 86
29 73
9 15
29 59
12 99
28 95
30 69
36 56
25 80
69 72
23 41
69 85
17 76
12 44
35 91
33 94
68 92
24 38
40 62
19 28
11 82
19 22
53 88
67 72
34 85
87 93
25 85
14 57
34 49
3 57
19 64
61 92
12 23
42 43
48 89
13 26
57 80
38 42
28 75
36 65
15 39
44 87
55 82
4 9
77 85
45 54
35 59
73 81
1 42
22 42
53 68
11 72
78 90
32 49
57 68
3 50
26 47
17 77
58 71
9 64
8 15
66 70
14 47
2 61
8 61
3 96
32 90
3 59
23 44
50 65
37 96
19 71
36 71
12 42
8 46
6 43
2 44
84 87
31 69
55 76
36 55
34 59
15 42
35 72
29 78
58 74
41 84
7 60
49 50
11 60
63 83
2 93
31 83
23 42
21 91
6 23
10 29
1 61
94 96
18 83
27 41
46 81
38 70
36 85
47 78
29 76
42 67
22 68
76 89
5 85
9 16
63 79
17 27
35 79
9 41
11 36
91 94
33 71
2 12
5 92
6 38
16 72
91 91
4 27
65 76
8 63
23 33
19 85
45 49
83 94
53 71
87 89
70 95
4 31
48 91
41 74
85 95
39 58
17 99
23 43
12 49
28 100
3 83
1 37
16 75
4 89
37 61
53 58
23 55
41 50
23 62
34 37
46 66
2 64
13 75
60 92
1 43
44 45
11 96
93 100
53 96
11 24
94 98
56 90
77 84
21 100
8 25
25 44
46 55
30 88
61 96
2 74
15 25
26 48
53 82
7 93
33 65
75 84
98 99
5 12
50 60
59 68
18 63
22 76
31 80
9 59
71 100
18 96
17 74
9 51
31 51
24 32
6 34
13 47
28 55
7 54
23 78
75 92
35 80
59 97
62 93
38 69
66 94
48 70
64 79
4 26
36 51
31 88
83 91
5 100
52 91
14 15
35 45
95 97
11 89
23 23
44 96
14 92
30 95
33 78
13 49
62 80
9 66
63 78
30 74
37 79
8 97
22 62
33 83
28 38
3 71
39 65
40 52
2 18
1 70
48 87
50 94
1 83
10 83
25 47
13 66
12 25
32 38
16 59
42 96
26 57
10 55
63 93
30 37
21 50
22 25
24 93
71 86
84 84
37 98
5 43
29 44
62 83
31 49
41 65
24 98
90 93
23 46
13 95
48 74
25 62
14 35
77 98
1 53
57 84
10 70
41 95
8 76
4 83
61 94
7 22
36 98
49 76
51 92
64 80
21 88
24 37
26 31
35 68
58 76
60 87
27 91
6 49
76 83
52 78
15 15
42 58
5 34
72 73
19 77
49 93
67 85
4 86
30 38
22 50
4 20
76 99
75 100
40 54
54 98
89 95
3 65
13 79
1 56
57 62
67 98
37 39
71 80
66 96
21 93
29 36
23 39
14 17
1 34
43 88
21 94
67 94
61 90
55 85
11 12
78 83
20 42
30 65
2 89
55 77
11 13
7 13
8 36
22 79
7 33
74 79
48 65
25 97
4 49
54 60
1 13
21 28
68 76
49 53
62 88
12 91
52 70
34 86
6 79
68 94
34 78
2 70
94 95
50 62
46 57
69 97
10 60
28 62
10 46
8 93
41 53
62 73
76 90
19 30
19 82
25 37
50 77
8 21
74 89
81 93
37 70
23 89
73 78
60 64
57 99
16 70
31 78
1 72
7 82
14 95
28 85
2 66
15 63
55 90
54 67
7 44
9 96
7 36
69 71
47 49
46 99
51 54
27 38
35 44
7 62
11 41
60 95
43 92
55 78
30 34
58 80
27 54
18 74
31 94
57 60
6 47
35 48
56 82
43 74
83 96
32 77
62 91
4 67
23 88
35 47
51 66
51 59
37 67
17 34
15 74
64 95
4 75
5 83
12 73
29 49
12 84
37 58
67 80
19 84
15 82
20 87
36 91
38 54
27 39
14 30
62 92
10 59
32 91
5 73
11 64
24 95
67 88
59 89
35 90
21 86
44 77
32 72
1 4
33 62
8 84
80 85
64 88
49 51
2 72
22 73
63 88
32 45
68 77
20 35
65 82
8 100
19 53
18 88
3 15
38 100
27 79
23 38
17 91
72 76
47 61
63 70
38 95
10 56
11 37
12 100
4 5
19 90
5 60
40 56
42 81
26 40
17 38
21 45
29 67
27 61
55 83
61 63
92 98
16 93
30 32
11 20
46 97
45 89
8 26
4 82
78 95
53 89
2 77
33 75
72 74
35 46
12 77
35 70
10 71
9 72
27 43
24 25
17 97
19 56
23 25
44 86
31 86
31 35
36 90
38 45
87 99
46 54
13 17
70 99
14 63
45 85
76 97
1 21
30 45
32 39
19 66
37 43
12 24
41 99
21 34
3 68
82 89
40 99
5 96
90 96
28 41
10 33
15 22
34 44
5 16
21 23
72 96
22 36
11 45
55 96
20 37
23 73
96 100
33 98
1 66
49 70
21 78
42 88
23 83
9 17
47 52
22 91
59 85
63 86
23 84
3 55
24 72
63 82
12 54
14 20
7 58
24 99
40 67
3 49
18 97
7 41
85 99
18 76
17 26
36 73
44 71
43 69
27 57
4 11
8 50
43 86
46 87
32 96
2 39
1 87
15 49
62 100
6 86
50 53
67 70
23 81
20 82
43 82
53 67
5 56
9 94
11 55
29 62
20 95
71 96
12 92
41 48
8 69
56 87
1 60
54 70
7 76
28 58
12 47
29 74
37 95
39 61
26 32
16 67
48 53
84 96
91 92
2 43
15 28
49 97
97 100
27 63
37 85
88 91
15 60
18 49
75 76
17 22
11 65
91 99
39 69
49 96
52 71
22 61
62 99
50 74
59 77
64 99
27 30
34 88
20 78
11 52
37 72
15 53
58 98
11 85
48 64
61 85
24 36
5 64
8 17
14 39
64 96
27 46
18 33
9 86
36 70
15 41
44 83
20 53
19 59
42 89
43 90
9 19
30 70
18 98
12 87
16 69
27 28
39 77
70 94
62 98
5 37
21 40
76 96
26 94
17 32
50 88
28 76
29 97
19 24
59 61
22 100
65 69
51 65
58 79
83 90
5 98
15 99
21 41
40 94
2 88
15 18
24 58
37 97
23 40
11 30
60 78
70 81
89 91
23 58
64 87
26 45
85 88
67 82
42 75
30 78
25 45
55 94
39 71
32 84
63 87
11 91
21 54
9 90
3 70
5 63
12 86
19 31
77 79
6 97
20 40
10 90
42 53
40 71
1 71
17 82
46 85
30 81
8 64
20 96
5 7
1 29
10 62
7 59
60 84
32 53
16 58
34 95
20 38
49 63
23 28
47 67
15 56
49 65
18 71
18 65
16 42
17 46
24 52
19 87
13 14
38 76
10 19
67 73
24 28
2 53
65 94
32 50
38 50
39 47
9 30
21 89
90 94
67 77
20 79
13 59
8 9
26 56
8 53
15 37
44 59
21 47
14 78
52 63
1 8
12 17
56 74
18 77
6 29
32 35
63 90
45 99
37 46
51 52
83 100
65 71
49 100
41 80
12 31
65 70
23 35
16 18
28 69
4 16
68 69
78 98
34 58
48 62
20 70
32 86
35 53
48 75
8 10
33 81
6 74
36 62
6 56
35 58
25 83
56 58
60 70
24 89
7 42
19 39
75 86
27 62
59 80
35 65
7 80
33 85
87 95
36 49
24 80
3 44
20 34
1 90
52 57
77 92
22 90
4 68
23 97
25 51
81 100
58 83
84 97
48 71
81 92
78 100
26 37
38 80
4 100
58 94
76 85
53 74
10 58
82 95
24 70
2 90
75 95
17 40
57 59
35 42
12 88
9 70
8 91
41 90
16 30
70 80
20 93
25 66
31 64
1 14
54 97
9 93
28 68
54 79
31 99
40 85
67 97
40 90
21 56
45 93
7 18
53 63
27 74
4 62
57 83
15 75
69 98
8 18
33 60
45 75
24 50
42 84
7 52
28 42
35 77
19 78
7 8
90 100
54 99
33 36
53 61
9 10
14 98
7 89
2 37
22 94
29 92
19 43
35 41
84 100
17 50
50 93
6 82
78 79
18 38
35 74
26 93
17 29
37 77
87 100
33 53
70 89
25 34
11 18
3 10
80 97
53 72
78 86
27 100
31 92
1 91
34 77
4 94
26 71
55 63
11 15
7 20
54 58
74 85
68 74
32 61
83 92
30 66
34 52
18 73
21 46
29 48
9 54
81 84
33 76
91 100
35 84
39 90
8 74
17 69
22 75
82 99
42 99
28 47
33 77
2 10
72 84
25 59
53 87
79 79
47 65
2 56
4 4
32 44
43 68
24 78
9 14
14 16
46 100
14 37
27 86
6 10
60 83
9 97
34 82
83 88
5 6
40 43
77 87
70 96
64 69
11 95
5 55
45 62
41 59
69 88
2 27
58 70
26 30
41 93
14 38
33 59
12 55
23 74
20 97
9 49
7 16
40 61
5 26
38 47
44 89
80 100
26 51
1 23
54 73
78 82
19 100
20 72
52 81
33 34
41 51
34 61
63 66
86 89
41 78
21 60
16 77
34 97
47 59
13 53
56 78
26 92
35 43
35 82
12 94
43 55
56 57
3 12
60 88
14 64
1 73
8 30
47 93
92 92
51 58
32 95
14 68
80 83
1 15
45 92
8 89
32 80
20 94
2 8
64 77
51 98
28 48
13 15
13 86
59 95
38 41
19 47
61 89
44 61
17 52
6 12
13 45
49 69
51 95
80 89
45 100
56 97
36 64
28 82
10 88
58 75
32 54
40 96
2 80
48 52
27 64
26 82
87 94
51 99
3 23
39 73
38 75
27 48
76 91
16 79
74 84
79 86
8 43
5 11
12 80
28 83
22 24
18 37
1 92
35 73
52 56
25 32
37 69
25 99
25 89
13 71
65 90
40 60
6 26
27 47
25 95
43 87
22 49
15 16
23 50
7 21
17 23
8 12
85 92
7 96
16 48
40 75
9 37
1 50
19 25
88 97
40 42
52 67
7 24
27 87
40 81
60 61
1 62
11 53
82 88
28 54
27 88
26 62
11 19
7 88
16 88
75 81
54 55
78 85
60 82
20 61
3 48
4 93
32 75
25 33
23 57
34 67
43 78
58 61
71 82
24 35
57 86
6 64
3 54
2 50
43 83
47 97
24 92
67 78
27 51
22 26
8 95
58 90
4 15
53 100
9 29
50 52
96 99
10 74
51 56
49 57
52 79
30 100
16 35
29 85
44 99
75 97
44 74
50 82
35 51
48 85
42 57
20 44
25 92
27 58
50 95
58 81
52 83
28 28
27 44
41 42
33 99
28 70
88 94
50 89
12 13
67 89
46 73
44 85
49 98
32 42
10 78
38 56
9 32
71 71
7 26
40 48
11 93
20 23
87 96
41 57
39 50
1 12
8 58
48 57
24 97
7 100
80 92
58 67
6 7
38 67
32 37
50 71
21 87
44 81
7 75
67 96
2 25
14 65
76 86
26 64
63 94
46 80
65 84
10 23
62 95
31 96
2 35
77 96
74 91
11 77
23 51
43 59
21 72
52 53
34 81
50 58
36 41
69 100
55 75
17 21
53 76
42 80
51 87
17 70
34 63
17 78
5 31
51 79
20 64
38 71
54 89
6 42
46 79
13 87
23 31
37 86
51 53
61 81
77 88
29 65
29 60
27 75
69 79
11 74
2 36
53 94
64 97
45 79
21 55
10 30
71 92
8 14
5 29
5 52
73 97
25 36
25 26
60 76
44 91
5 84
45 63
41 56
29 37
53 78
12 40
2 15
50 56
69 70
35 67
10 36
45 86
21 92
41 61
2 71
37 92
16 32
32 48
4 45
21 24
4 36
31 40
4 14
18 21
34 35
28 87
80 99
20 24
14 93
22 59
40 82
88 93
23 27
14 42
67 67
23 65
39 92
19 37
47 96
46 83
70 92
25 74
15 38
52 69
16 20
52 92
8 75
47 63
37 62
29 52
19 48
13 83
34 72
49 74
8 24
72 94
26 72
31 77
11 46
12 96
38 90
74 100
17 54
18 72
26 39
28 64
24 79
34 89
9 89
73 85
58 72
37 89
23 77
75 82
71 93
15 30
35 99
49 66
10 77
29 53
58 60
17 87
27 50
8 34
25 48
17 56
78 96
66 93
30 62
20 83
4 96
12 37
96 98
29 80
4 55
15 21
78 88
14 36
16 81
9 50
53 73
68 78
30 63
56 93
16 29
13 63
10 51
70 98
51 88
23 61
27 98
23 54
26 43
23 96
27 95
4 28
27 81
23 32
3 66
6 95
66 82
40 93
24 57
53 93
17 37
34 57
93 95
15 86
3 45
39 76
44 78
32 66
1 46
40 57
74 93
85 86
19 89
49 56
25 82
29 64
5 35
7 72
26 74
15 61
13 76
21 70
6 75
20 21
15 98
42 71
58 78
8 42
24 51
17 96
62 94
2 46
25 76
18 28
55 95
41 81
45 65
26 87
15 17
52 87
35 94
56 76
55 92
12 32
72 82
20 63
3 22
17 24
20 66
32 46
17 88
46 59
73 90
62 66
16 28
1 80
16 39
65 67
10 18
84 93
10 27
45 91
71 99
14 89
45 74
5 22
1 26
21 84
3 77
16 85
32 69
35 83
13 19
83 97
10 61
33 49
48 95
4 12
65 79
52 65
37 91
7 70
5 5
10 21
55 60
29 30
24 40
8 48
44 58
62 81
25 50
9 67
30 99
3 88
87 87
60 74
46 78
36 96
17 80
43 61
7 51
46 86
29 35
49 91
18 100
6 14
25 27
97 98
7 30
21 62
36 79
2 51
16 44
34 99
37 38
43 49
17 90
16 47
40 55
62 96
63 98
32 43
15 66
58 58
6 87
7 40
9 85
52 99
57 71
70 85
15 72
20 28
22 82
96 96
75 94
10 20
55 67
29 72
12 79
63 72
68 95
10 25
29 46
6 36
38 81
5 77
28 73
18 89
36 94
19 97
49 54
22 54
9 34
34 94
4 42
26 83
18 42
98 100
23 45
37 99
14 66
2 3
22 38
15 68
43 100
37 66
61 71
50 63
16 45
2 95
9 84
46 96
21 37
91 98
17 49
20 85
30 93
14 27
48 97
56 88
40 47
29 57
9 46
36 63
82 87
1 3
55 61
35 37
10 52
48 60
59 91
38 66
8 54
70 78
12 36
42 87
11 59
70 90
33 69
7 85
5 65
55 66
2 75
34 79
46 88
57 91
36 58
16 65
62 85
76 84
38 94
59 64
39 51
12 57
11 78
44 88
14 40
3 11
39 60
46 82
19 95
25 90
5 25
31 36
65 73
41 66
42 70
30 64
34 53
3 89
94 94
21 53
68 71
27 60
28 53
3 9
65 87
1 17
28 96
69 82
27 97
47 99
79 84
17 60
70 76
18 50
10 98
45 87
52 80
3 28
51 78
5 42
19 45
25 98
48 59
75 78
12 97
48 58
3 95
6 20
57 65
43 75
42 82
12 51
16 73
10 44
100 100
41 62
26 33
60 68
36 36
73 80
17 83
33 68
4 41
85 87
34 43
50 92
36 80
29 40
26 61
29 39
1 78
29 56
5 81
16 91
32 93
11 38
81 96
38 89
38 73
2 45
28 56
44 82
16 38
15 91
26 38
10 11
29 31
64 83
3 14
7 9
47 70
56 81
55 88
19 79
63 65
27 55
47 53
30 50
22 88
18 24
6 98
29 51
39 62
18 35
21 31
19 69
57 74
3 63
75 89
68 97
65 97
46 47
87 98
40 49
15 89
60 66
23 85
55 71
30 91
43 58
19 42
24 61
19 44
18 68
32 60
42 47
31 52
95 96
29 71
2 81
33 86
48 86
21 21
20 31
31 72
14 18
21 58
9 55
68 87
44 52
39 70
64 98
40 74
39 98
19 57
19 67
28 59
15 43
27 59
16 53
44 97
58 88
10 92
9 56
37 81
26 95
23 64
2 9
22 58
18 57
6 8
22 40
31 68
69 87
18 22
40 44
75 88
86 91
60 89
14 80
10 54
39 44
49 90
71 91
1 82
65 99
13 69
22 45
11 61
13 94
63 89
45 48
30 59
29 87
1 59
27 82
21 66
55 80
74 92
29 54
2 34
21 85
16 46
40 80
41 54
69 80
28 78
7 68
21 52
8 22
12 39
13 48
4 66
36 66
81 97
63 68
38 92
35 40
6 48
29 55
63 76
4 63
40 83
10 73
33 52
62 64
7 53
6 68
11 16
29 84
56 75
67 71
56 63
89 96
31 60
13 80
22 98
51 97
5 17
38 79
24 69
33 50
53 70
89 100
28 32
52 88
60 80
3 20
36 52
52 75
4 43
71 78
65 68
87 88
65 96
29 70
53 90
3 87
28 51
3 37
27 35
42 52
86 86
46 61
49 94
80 86
28 91
80 98
17 100
7 84
12 89
50 78
9 33
31 97
11 21
66 72
73 92
57 67
8 88
66 71
46 77
36 61
72 80
39 49
2 17
41 83
20 80
86 99
20 33
8 71
16 61
34 55
41 67
68 99
23 98
1 52
16 23
13 91
9 92
46 51
13 58
63 96
81 95
55 93
9 38
14 50
41 96
16 74
8 85
27 67
42 68
94 97
16 87
60 86
5 91
14 87
74 81
18 64
27 80
12 76
61 80
6 80
17 25
14 23
2 82
53 57
37 45
26 99
41 86
35 52
21 26
19 52
37 94
30 68
53 86
18 54
70 82
39 55
3 86
1 65
65 89
9 75
23 70
12 20
51 86
21 97
25 29
19 70
56 72
4 47
76 98
66 74
4 58
79 80
68 98
24 30
31 100
18 61
10 17
76 77
36 76
10 72
39 45
1 76
31 79
7 61
70 71
97 99
70 79
18 51
10 66
38 61
23 87
21 77
14 19
4 51
9 47
38 78
21 98
57 79
32 99
20 75
60 65
12 69
22 87
6 88
7 28
31 59
50 73
33 54
8 35
30 84
31 87
7 92
2 63
69 91
5 76
57 61
49 82
25 28
72 85
84 94
22 96
26 98
34 70
12 59
8 44
55 57
29 63
11 67
27 68
18 41
81 87
20 48
42 54
37 42
15 36
19 36
58 59
75 90
25 35
44 93
51 84
27 42
22 99
23 68
8 13
8 70
88 99
52 84
7 63
17 94
4 37
45 59
76 95
13 22
32 98
51 74
28 43
94 99
13 33
77 90
1 10
18 29
23 52
14 53
42 59
7 66
37 63
34 50
20 81
49 79
53 99
14 24
1 97
8 27
46 74
4 7
9 35
56 65
9 44
92 93
85 90
12 18
54 62
38 40
39 42
33 43
41 69
88 96
6 83
11 76
47 47
26 84
4 80
40 53
72 91
61 78
12 67
70 74
27 49
33 45
18 90
37 87
16 95
24 39
2 78
44 69
85 89
38 96
69 84
33 96
36 72
7 10
13 73
42 48
30 47
13 61
8 8
1 19
75 87
55 100
82 83
45 78
67 95
2 60
90 98
9 53
11 14
66 86
37 52
17 63
15 92
22 84
37 55
11 28
79 88
16 21
31 89
62 67
2 86
24 68
47 56
95 98
7 46
2 100
25 78
32 55
31 47
28 71
29 100
40 77
15 67
53 65
60 69
53 98
13 97
24 65
30 94
51 51
26 79
4 54
38 65
4 13
53 69
27 37
44 48
66 73
1 63
32 81
24 85
25 40
62 74
50 98
5 19
19 41
58 65
33 41
5 40
22 78
76 93
4 59
81 86
70 97
55 65
66 75
67 86
23 29
24 84
38 93
3 25
65 92
26 97
3 85
9 24
26 66
9 20
18 52
2 38
7 74
7 83
64 93
22 92
7 97
5 14
47 54
20 51
35 56
34 48
11 56
38 48
85 97
25 100
3 27
39 81
36 37
61 77
38 98
10 41
10 69
77 93
47 85
35 75
31 62
50 100
9 27
34 47
12 70
28 45
48 100
60 94
38 43
57 82
4 71
30 48
45 45
3 26
33 35
47 95
75 99
43 71
50 79
12 95
66 66
32 83
10 57
56 92
36 40
23 80
49 78
7 57
24 24
17 48
58 87
82 84
86 97
33 37
32 76
37 50
74 87
37 71
27 56
56 69
33 33
32 73
21 68
21 30
43 79
29 41
22 41
28 94
49 71
6 32
39 43
56 64
20 54
9 73
24 91
12 65
71 79
24 82
9 52
57 100
24 31
43 53
2 87
28 65
21 61
50 55
1 22
23 26
40 89
68 89
32 64
33 93
64 81
53 85
61 83
13 67
9 61
31 56
27 73
25 60
26 86
27 29
9 81
5 66
4 81
14 90
6 35
17 71
8 16
9 82
1 2
30 36
28 39
27 27
1 57
51 96
49 95
23 94
3 21
49 77
25 41
20 57
2 30
3 7
5 21
15 46
49 58
39 100
8 52
2 73
43 89
3 41
24 34
20 90
19 58
40 64
61 70
13 23
22 64
11 68
5 78
59 76
41 68
37 48
7 95
21 32
24 56
72 79
13 38
4 32
28 50
2 59
69 74
8 79
79 89
6 33
55 68
45 81
44 67
41 47
11 23
71 84
53 59
99 100
4 69
43 45
30 89
26 60
5 10
16 99
48 79
23 49
22 63
54 57
81 89
11 83
78 99
45 66
36 43
7 37
40 69
11 26
19 21
10 13
26 36
23 82
22 44
69 81
58 93
20 65
27 36
67 84
14 62
69 95
36 42
50 72
4 76
15 35
16 83
31 50
31 91
31 45
14 33
6 41
27 31
75 96
14 79
21 67
78 92
60 67
41 71
4 23
26 68
45 52
1 41
41 55
4 92
18 66
50 76
99 99
43 43
80 88
46 93
67 81
47 82
16 36
4 21
51 77
31 55
8 39
32 88
17 81
17 73
2 41
42 77
37 76
69 90
82 86
43 63
84 99
50 96
35 92
88 100
56 89
13 56
38 97
68 80
22 28
21 43
6 15
6 39
4 77
30 53
30 86
8 78
48 61
24 96
59 90
19 54
25 58
68 93
30 43
58 84
10 94
57 69
24 59
16 51
4 17
61 62
25 93
66 84
32 87
5 53
27 96
5 93
4 30
60 98
27 71
9 91
10 49
22 89
88 90
8 77
7 90
24 44
43 48
60 91
14 49
16 26
30 80
44 100
47 100
31 82
77 95
26 55
54 86
5 82
19 34
48 55
40 91
54 88
48 72
38 84
56 98
58 63
86 90
46 56
66 76
48 84
10 89
26 53
29 77
4 79
29 82
6 59
18 70
16 84
44 92
43 94
56 71
16 31
17 20
18 43
71 75
42 50
35 66
30 44
77 89
3 24
2 76
70 93
7 69
5 62
85 100
16 92
2 42
17 36
60 77
28 49
39 48
55 64
34 38
60 100
56 86
48 69
18 87
36 84
10 68
10 38
11 75
26 54
63 85
81 83
67 90
33 97
22 66
33 57
26 75
17 44
73 84
59 94
27 65
46 76
15 97
33 40
4 52
7 39
77 80
57 58
44 65
80 96
36 39
55 74
31 85
23 37
23 34
54 66
14 26
47 80
6 45
10 16
33 79
22 32
45 71
73 94
68 85
26 67
16 98
32 71
32 52
19 50
13 99
47 64
32 70
51 94
74 94
41 43
26 49
60 72
72 90
49 55
14 54
33 38
32 94
31 66
10 80
78 94
29 99
69 73
12 61
83 95
74 80
7 15
50 57
42 98
8 37
22 47
26 63
5 99
54 54
50 97
51 62
22 97
5 44
66 97
30 42
45 77
66 79
64 72
48 78
7 64
62 87
77 82
16 94
14 81
19 74
54 81
47 60
52 85
31 71
50 67
39 94
43 44
50 59
65 75
52 98
64 91
33 95
37 44
62 97
63 77
15 57
9 63
51 69
59 93
3 40
48 54
39 46
24 90
18 20
10 63
25 94
3 4
66 89
34 41
50 50
46 92
53 55
47 71
40 95
57 78
89 99
26 90
54 87
3 3
62 70
39 85
17 31
5 94
44 76
2 23
13 93
40 100
34 73
56 91
16 63
8 38
46 65
21 35
63 99
3 31
9 26
42 83
6 30
14 88
4 50
22 69
1 11
57 88
3 46
13 42
56 70
4 60
86 98
41 44
81 98
28 79
11 11
49 86
1 36
1 45
14 56
35 71
2 5
52 76
27 92
34 42
45 76
57 94
8 20
78 80
59 65
72 99
34 51
1 47
20 56
64 94
41 82
47 66
91 93
26 85
3 30
31 84
53 62
29 98
25 57
68 84
38 38
15 24
4 64
46 53
38 99
89 89
52 72
43 47
32 63
8 87
54 77
73 93
15 27
39 39
32 92
61 64
79 87
35 63
49 92
43 91
23 48
39 86
13 65
28 80
16 34
58 68
55 55
22 57
62 90
42 97
44 66
54 68
53 83
71 74
20 98
77 77
75 79
34 34
51 73
48 76
17 55
3 36
30 92
19 93
13 82
12 71
43 97
33 66
15 87
5 97
15 90
42 100
27 33
50 69
39 52
81 82
11 40
51 91
11 87
9 22
9 68
76 94
67 83
50 54
10 26
43 81
40 98
9 77
80 90
22 39
45 97
15 45
47 90
54 100
41 79
54 94
43 84
11 69
6 52
24 74
8 94
74 95
30 72
41 41
61 99
63 97
30 40
18 67
38 52
18 47
19 91
66 85
40 92
5 50
29 96
28 44
19 83
17 41
15 29
39 95
18 25
44 98
32 79
43 51
51 60
61 93
30 60
56 80
47 88
8 19
64 100
58 86
77 100
40 59
14 60
15 70
44 46
39 96
25 65
32 68
46 64
44 60
1 64
2 83
39 99
2 52
5 87
12 12
81 94
31 63
15 69
2 79
30 35
3 39
13 92
26 96
31 46
66 78
18 92
16 76
75 77
45 70
66 68
22 34
12 28
24 53
18 34
5 38
46 95
59 82
30 46
39 64
49 73
4 57
9 62
48 49
19 62
56 61
62 69
42 69
40 63
89 90
48 48
31 39
12 16
75 98
21 74
6 94
22 37
31 42
66 83
1 38
33 47
13 85
46 90
25 31
35 85
10 86
5 8
84 85
56 96
9 21
10 95
26 100
19 49
28 88
44 55
46 94
78 78
44 63
44 50
11 80
25 63
23 53
31 53
26 27
74 77
11 29
59 67
9 58
20 89
19 63
27 52
66 95
6 76
37 80
11 48
41 88
59 92
51 63
24 94
44 53
37 78
71 77
41 72
70 72
33 70
79 82
39 75
21 44
89 94
13 55
34 84
73 76
18 40
24 43
65 83
7 45
33 100
1 24
46 98
12 75
64 75
22 55
32 97
45 84
13 35
14 21
50 64
15 88
34 83
18 58
61 82
43 46
2 57
66 77
29 45
35 86
75 85
42 73
36 100
13 37
21 49
15 20
3 84
28 30
13 78
65 88
15 78
25 39
18 45
2 20
11 49
62 82
59 79
36 97
14 31
52 61
93 97
37 37
93 96
55 70
42 60
13 68
41 94
84 89
2 16
53 92
42 94
35 88
29 75
52 77
33 74
80 81
47 98
4 88
17 43
54 63
6 9
59 69
15 83
56 67
21 38
29 66
2 14
3 42
49 83
18 39
36 92
26 29
26 76
31 67
24 45
22 85
34 39
1 85
5 58
10 12
46 48
1 44
10 76
53 79
65 74
50 87
32 57
14 14
36 69
16 25
6 69
42 65
28 60
47 86
79 90
43 80
3 47
47 79
37 53
53 64
43 67
6 67
72 83
88 98
44 84
28 67
28 40
10 87
48 68
24 64
82 97
35 96
85 85
26 81
12 60
9 79
3 69
4 48
84 91
43 76
19 86
38 49
33 56
50 68
68 96
57 92
52 95
75 93
48 90
73 91
11 32
92 100
38 53
59 72
9 23
30 51
74 74
90 91
54 93
13 60
54 91
40 87
36 46
24 88
52 52
55 91
25 68
27 84
54 96
1 49
58 62
12 33
70 77
6 24
24 48
6 96
56 73
41 45
34 91
52 97
26 78
50 99
48 77
19 27
6 72
81 85
65 80
22 33
79 95
13 46
47 69
56 100
26 77
21 76
21 59
44 44
42 79
31 61
65 91
41 63
74 82
51 89
32 32
57 64
7 34
14 22
15 96
25 46
19 92
68 79
1 7
9 71
7 12
31 75
41 91
3 53
41 77
11 42
61 74
61 69
31 48
17 45
3 13
46 63
54 64
8 55
6 31
60 93
31 70
14 96
88 88
2 29
10 81
21 90
39 67
49 61
39 97
23 93
51 68
70 86
15 79
17 75
20 27
70 70
15 95
21 75
49 62
28 29
11 54
6 65
15 40
8 28
44 64
2 91
71 89
5 9
16 82
5 24
18 27
35 50
10 97
76 80
25 87
22 60
7 94
32 74
14 32
17 28
22 22
25 53
82 100
29 93
53 53
29 38
51 80
27 69
13 81
79 92
5 46
7 98
18 62
29 29
48 56
11 90
37 74
17 89
30 30
40 66
71 94
25 30
24 47
17 17
43 54
4 73
32 51
4 22
5 32
27 94
13 89
81 88
5 39
5 36
2 47
11 70
8 72
1 6
14 77
64 71
76 78
17 33
50 91
24 54
64 74
13 28
21 64
28 90
51 70
37 64
20 86
16 97
59 59
71 90
9 95
29 34
30 49
52 58
31 98
29 61
19 75
38 77
54 72
25 52
23 30
59 87
9 36
1 32
14 75
15 76
51 76
25 84
9 76
52 55
83 85
39 63
25 70
83 87
12 29
39 74
37 82
11 17
4 56
81 81
13 32
55 62
37 49
27 89
33 72
16 54
6 62
18 53
50 75
64 82
20 26
7 91
13 43
26 50
11 79
85 96
2 96
6 55
10 40
10 85
12 34
56 83
2 26
56 62
15 85
14 29
57 73
16 16
4 46
1 100
62 86
21 95
49 49
45 68
21 36
31 37
10 10
23 59
18 30
31 32
50 80
69 69
12 68
73 83
30 79
25 43
48 92
67 69
9 12
72 77
22 30
3 61
27 76
61 88
19 68
25 61
42 61
30 41
20 32
34 92
5 13
44 94
64 64
19 72
22 74
10 28
21 82
20 100
22 67
18 86
86 88
14 97
78 97
2 2
25 81
55 56
22 35
47 77
11 58
64 73
56 94
59 70
8 67
13 57
28 31
63 64
46 69
44 56
48 50
41 73
16 71
46 75
74 88
3 16
28 63
64 89
63 91
19 51
21 29
40 84
58 96
16 22
35 98
82 96
43 95
65 100
6 13
52 62
55 87
50 51
24 49
44 54
14 67
40 40
35 93
37 40
20 55
35 89
4 34
10 79
85 93
18 59
22 23
6 66
19 38
52 54
12 62
65 77
9 74
14 71
57 66
27 32
28 84
13 13
47 51
60 60
33 88
23 100
7 49
73 95
30 55
70 73
5 67
47 50
13 18
7 17
40 51
52 73
6 51
18 26
3 72
27 77
18 46
53 91
15 48
16 49
59 75
1 68
51 81
55 69
47 62
66 99
22 27
6 53
62 62
25 71
48 96
4 70
24 41
58 100
27 45
71 88
40 86
51 72
80 87
1 86
8 33
19 19
28 86
37 56
73 79
43 72
9 31
8 62
3 60
71 98
5 90
4 53
88 92
52 86
54 84
21 69
43 85
4 65
49 99
15 19
3 8
13 52
51 83
64 92
64 66
14 83
15 71
35 60
14 91
14 34
41 64
30 31
26 58
22 29
20 62
34 74
68 90
77 94
43 93
17 58
33 55
13 30
23 67
61 66
26 70
32 82
29 68
18 79
36 86
73 100
3 76
24 100
56 56
91 97
26 52
5 75
44 70
31 76
61 61
82 94
60 73
70 100
7 31
36 75
40 97
2 28
20 77
16 56
28 35
67 79
76 76
21 96
15 51
89 98
18 82
79 93
7 25
50 81
11 73
59 96
69 75
4 38
68 73
30 83
16 17
7 14
85 98
6 63
34 60
17 95
67 74
60 96
49 87
5 68
6 73
5 41
3 91
1 9
30 71
17 30
98 98
97 97
58 89
17 35
30 85
31 31
7 81
2 92
12 66
10 50
74 78
90 95
82 82
14 70
88 89
39 88
20 36
38 82
25 54
63 63
6 6
12 81
55 89
9 9
86 93
13 88
69 78
11 100
